69147  09/30/2004  00:00   12.0      0      0    1017.9 
69147  09/30/2004  01:00   11.9      8    190    1018.1 
69147  09/30/2004  02:00   12.0      4    230    1018.0 
69147  09/30/2004  03:00   12.0      8    300    1017.7 
69147  09/30/2004  04:00   12.0      9    270    1017.6 
69147  09/30/2004  05:00   11.9      5    200    1018.0 
69147  09/30/2004  06:00   11.9      8    180    1018.6 
69147  09/30/2004  07:00   13.1      5    180    1019.0 
69147  09/30/2004  08:00   14.9      2    240    1019.4 
69147  09/30/2004  09:00   15.4      9    100    1019.7 
69147  09/30/2004  10:00   15.5      9    100    1019.6 
69147  09/30/2004  11:00   15.6      8     70    1019.3 
69147  09/30/2004  12:00   15.8      9     30    1019.3 
69147  09/30/2004  13:00   16.2     15    110    1018.6 
69147  09/30/2004  14:00   16.0     21    130    1018.6 
69147  09/30/2004  15:00   14.7     21    130    1018.2 
69147  09/30/2004  16:00   14.3     15    140    1018.7 
69147  09/30/2004  17:00   14.1     15    150    1018.7 
69147  09/30/2004  18:00   13.9     15    150    1019.2 
69147  09/30/2004  19:00   13.7     15    140    1019.9 
69147  09/30/2004  20:00   13.3     11    200    1020.8 
69147  09/30/2004  21:00   12.7      9    190    1020.9 
69147  09/30/2004  22:00   12.2      8    230    1020.8 
69147  09/30/2004  23:00   11.7      8    230    1020.5 
69147  10/01/2004  00:00   11.6      8    240    1019.9 
69147  10/01/2004  01:00   11.6      5    270    1019.3 
69147  10/01/2004  02:00   11.4      0      0    1018.5 
69147  10/01/2004  03:00   11.7      5    270    1018.4 
69147  10/01/2004  04:00   11.6      9    210    1017.7 
69147  10/01/2004  05:00   11.7      8    220    1018.0 
69147  10/01/2004  06:00   11.7      8    180    1018.2 
69147  10/01/2004  07:00   11.9      8    200    1018.5 
69147  10/01/2004  08:00   12.3     11    200    1018.2 
69147  10/01/2004  09:00   12.3      9    210    1017.8 
69147  10/01/2004  10:00   13.0      9    210    1017.1 
69147  10/01/2004  11:00   12.8      5    260    1016.7 
69147  10/01/2004  12:00   12.4      8    240    1016.1 
69147  10/01/2004  13:00   12.5     11    130    1016.0 
69147  10/01/2004  14:00   14.0     18    100    1015.2 
69147  10/01/2004  15:00   14.4     15    110    1014.9 
69147  10/01/2004  16:00   14.2      9    180    1014.4 
69147  10/01/2004  17:00   13.7     11    190    1014.7 
69147  10/01/2004  18:00   12.7     15    210    1014.7 
69147  10/01/2004  19:00   11.8     11    210    1015.2 
69147  10/01/2004  20:00   11.7     13    210    1015.9 
69147  10/01/2004  21:00   11.8      9    210    1016.3 
69147  10/01/2004  22:00   11.9      8    260    1016.2 
69147  10/01/2004  23:00   11.9     11    240    1015.8 
69147  10/02/2004  00:00   12.1      9    180    1015.8 
69147  10/02/2004  01:00   13.4     18    130    1015.6 
69147  10/02/2004  02:00   13.0      8    170    1015.3 
69147  10/02/2004  03:00   13.6     18    130    1015.0 
69147  10/02/2004  04:00   13.9     18    120    1015.1 
69147  10/02/2004  05:00   13.8      9    140    1015.3 
69147  10/02/2004  06:00   12.4      9    280    1015.9 
69147  10/02/2004  07:00   12.7      5    230    1016.3 
69147  10/02/2004  08:00   13.1      8    290    1016.6 
69147  10/02/2004  09:00   14.6      9    220    1016.5 
69147  10/02/2004  10:00   16.0      8    210    1016.0 
69147  10/02/2004  11:00   17.1     11    100    1015.6 
69147  10/02/2004  12:00   16.9     15    110    1015.0 
69147  10/02/2004  13:00   16.7     15    120    1014.9 
69147  10/02/2004  14:00   17.4     15    120    1014.5 
69147  10/02/2004  15:00   16.7     15    120    1014.4 
69147  10/02/2004  16:00   16.1      8    100    1014.5 
69147  10/02/2004  17:00   15.7      8    100    1014.8 
69147  10/02/2004  18:00   13.7      0      0    1015.3 
69147  10/02/2004  19:00   11.1      0      0    1015.8 
69147  10/02/2004  20:00   11.1      8    220    1016.4 
69147  10/02/2004  21:00   11.2      8    290    1016.7 
69147  10/02/2004  22:00    8.9      0      0    1016.6 
69147  10/02/2004  23:00    9.0      5    200    1016.3 
69147  10/03/2004  00:00    8.6      2    200    1016.2 
69147  10/03/2004  01:00    8.3      2    200    1015.9 
69147  10/03/2004  02:00    7.7      8    190    1015.6 
69147  10/03/2004  03:00    7.4      5    250    1015.5 
69147  10/03/2004  04:00    7.8      5    230    1015.5 
69147  10/03/2004  05:00    6.8      0      0    1015.7 
69147  10/03/2004  06:00    6.6      5    220    1016.2 
69147  10/03/2004  07:00   11.0     11    330    1016.0 
69147  10/03/2004  08:00   15.6      5    320    1016.0 
69147  10/03/2004  09:00   16.6     11     90    1015.6 
69147  10/03/2004  10:00   18.3     11     70    1015.3 
69147  10/03/2004  11:00   18.9     15     60    1014.5 
69147  10/03/2004  12:00   19.6     17     60    1013.7 
69147  10/03/2004  13:00   18.8     21     40    1012.7 
69147  10/03/2004  14:00   18.6     18     40    1011.9 
69147  10/03/2004  15:00   18.4     22     40    1011.4 
69147  10/03/2004  16:00   17.3     21     40    1011.0 
69147  10/03/2004  17:00   17.0     17     40    1010.9 
69147  10/03/2004  18:00   16.0      8     60    1010.9 
69147  10/03/2004  19:00   14.9     15    200    1012.3 
69147  10/03/2004  20:00   15.4     18    190    1013.2 
69147  10/03/2004  21:00   14.7     18    210    1013.8 
69147  10/03/2004  22:00   14.3     15    220    1013.8 
69147  10/03/2004  23:00   14.2     21    210    1014.0 
69147  10/04/2004  00:00   13.7      9    150    1013.9 
69147  10/04/2004  01:00   12.0      5    170    1013.9 
69147  10/04/2004  02:00    8.6      0      0    1013.9 
69147  10/04/2004  03:00    7.2      4    190    1013.8 
69147  10/04/2004  04:00    8.0      2    350    1014.0 
69147  10/04/2004  05:00    6.4      0      0    1014.5 
69147  10/04/2004  06:00    7.7      8    240    1015.1 
69147  10/04/2004  06:35   12.7     13    270    1015.6 
69147  10/04/2004  07:00   14.8     15    270    1015.8 
69147  10/04/2004  08:00   16.8     11    260    1016.1 
69147  10/04/2004  09:00   18.3     21    240    1016.7 
69147  10/04/2004  10:00   19.1     17    260    1016.8 
69147  10/04/2004  11:00   20.2     22    260    1016.7 
69147  10/04/2004  12:00   21.3     21    280    1016.3 
69147  10/04/2004  13:00   22.1     17    250    1015.5 
69147  10/04/2004  14:00   19.3     13     30    1015.4 
69147  10/04/2004  15:00   17.4     21    110    1015.1 
69147  10/04/2004  16:00   16.6     18     90    1015.5 
69147  10/04/2004  17:00   15.3     13    100    1016.4 
69147  10/04/2004  18:00   14.6     11    110    1017.1 
69147  10/04/2004  19:00   14.7      8     40    1017.8 
69147  10/04/2004  20:00   14.8      0      0    1018.5 
69147  10/04/2004  21:00   14.6      0      0    1018.6 
69147  10/04/2004  22:00   14.7      5    360    1018.7 
69147  10/04/2004  23:00   13.6      8     20    1018.5 
69147  10/05/2004  00:00   13.2      8     20    1018.3 
69147  10/05/2004  01:00   11.7      0      0    1017.9 
69147  10/05/2004  02:00   11.8      9    310    1017.1 
69147  10/05/2004  03:00   10.7      8    310    1016.6 
69147  10/05/2004  04:00    9.6      0      0    1016.1 
69147  10/05/2004  05:00    9.9      8    280    1016.2 
69147  10/05/2004  06:00    9.0      5    240    1016.6 
69147  10/05/2004  07:00   11.6      4    260    1016.8 
69147  10/05/2004  08:00   14.2      5    320    1016.6 
69147  10/05/2004  09:00   16.7      8    220    1016.3 
69147  10/05/2004  10:00   17.1     15    100    1015.5 
69147  10/05/2004  11:00   17.2     17    100    1015.2 
69147  10/05/2004  12:00   17.9     13     90    1014.6 
69147  10/05/2004  13:00   16.4     15    130    1014.5 
69147  10/05/2004  14:00   15.6     13    100    1014.4 
69147  10/05/2004  15:00   15.1     13    120    1014.8 
69147  10/05/2004  16:00   16.1      9    100    1014.6 
69147  10/05/2004  17:00   14.8      5     90    1014.9 
69147  10/05/2004  18:00   13.5      2    210    1015.9 
69147  10/05/2004  19:00   13.0     11    330    1016.4 
69147  10/05/2004  20:00   13.2      9    300    1016.7 
69147  10/05/2004  21:00   12.6      8    250    1017.3 
69147  10/05/2004  22:00   10.7      4    240    1017.4 
69147  10/05/2004  23:00   10.7      8    310    1017.3 
69147  10/06/2004  00:00   10.7      8    270    1017.4 
69147  10/06/2004  01:00   10.2      8    240    1017.7 
69147  10/06/2004  02:00    9.3      2    280    1017.4 
69147  10/06/2004  03:00    8.8      8    280    1017.4 
69147  10/06/2004  04:00    7.9      8    220    1017.6 
69147  10/06/2004  05:00    7.3      4    180    1018.1 
69147  10/06/2004  06:00    7.5      4    260    1018.9 
69147  10/06/2004  07:00    9.9      4    300    1019.4 
69147  10/06/2004  08:00   12.8      8    200    1019.9 
69147  10/06/2004  09:00   14.1      4    300    1020.0 
69147  10/06/2004  10:00   16.1     15    190    1019.5 
69147  10/06/2004  11:00   16.3     17    160    1019.0 
69147  10/06/2004  12:00   17.9     15    150    1018.3 
69147  10/06/2004  13:00   17.6     22    120    1018.0 
69147  10/06/2004  14:00   16.7     22    120    1018.0 
69147  10/06/2004  15:00   16.6     18    120    1018.1 
69147  10/06/2004  16:00   15.9     21    130    1018.4 
69147  10/06/2004  17:00   15.0     18    120    1018.8 
69147  10/06/2004  18:00   14.1     15    130    1019.5 
69147  10/06/2004  19:00   13.5      9    130    1020.0 
69147  10/06/2004  20:00   11.3      8    290    1020.6 
69147  10/06/2004  21:00   10.4      8    300    1020.5 
69147  10/06/2004  22:00    9.4      4    280    1020.4 
69147  10/06/2004  23:00   10.2      2    280    1020.1 
69147  10/07/2004  00:00   10.6      5    210    1019.5 
69147  10/07/2004  01:00    9.8      8    200    1018.8 
69147  10/07/2004  02:00    8.6      8    210    1017.7 
69147  10/07/2004  03:00    7.7      2    200    1016.7 
69147  10/07/2004  04:00    6.9      2    200    1015.8 
69147  10/07/2004  05:00    6.5      5    230    1015.5 
69147  10/07/2004  06:00    7.0      4    230    1015.4 
69147  10/07/2004  07:00   10.8      0      0    1014.9 
69147  10/07/2004  08:00   15.4     11     10    1013.9 
69147  10/07/2004  09:00   17.7     13     10    1012.6 
69147  10/07/2004  10:00   18.7     26     30    1011.4 
69147  10/07/2004  10:46   18.2     28     30    1010.6 
69147  10/07/2004  11:00   18.5     30     30    1010.3 
69147  10/07/2004  11:15   18.1     28     20    1009.9 
69147  10/07/2004  12:00   18.6     30     30    1009.0 
69147  10/07/2004  13:00   18.1     26     30    1007.5 
69147  10/07/2004  14:00   17.2     24     30    1007.2 
69147  10/07/2004  15:00   17.1     21     30    1005.7 
69147  10/07/2004  15:59   16.9     15     30    1003.7 
69147  10/07/2004  17:00   16.7     11     20    1003.3 
69147  10/07/2004  18:00   16.7      9    350    1002.3 
69147  10/07/2004  19:00   14.4      0      0    1001.9 
69147  10/07/2004  20:00   15.6      9     30    1002.3 
69147  10/07/2004  20:37   15.6     24    200    1004.3 
69147  10/07/2004  21:00   16.3     18    160    1005.2 
69147  10/07/2004  22:00   12.8      8    200    1005.7 
69147  10/07/2004  23:00   12.9     24    230    1006.5 
69147  10/08/2004  00:00   11.8      8    250    1006.6 
69147  10/08/2004  01:00   12.2     15    210    1007.3 
69147  10/08/2004  01:16   12.2     28    230    1007.3 
69147  10/08/2004  02:00   11.5     21    270    1006.9 
69147  10/08/2004  03:00    7.9      8    190    1007.1 
69147  10/08/2004  04:00    8.8     15    300    1007.1 
69147  10/08/2004  05:00    8.6     15    330    1007.5 
69147  10/08/2004  06:00   12.2     17    270    1008.2 
69147  10/08/2004  07:00   14.1     15    270    1008.6 
69147  10/08/2004  08:00   15.4     21    260    1009.2 
69147  10/08/2004  08:20   15.5     28    230    1009.4 
69147  10/08/2004  09:00   15.9     31    260    1009.8 
69147  10/08/2004  09:02   16.0     31    260    1009.8 
69147  10/08/2004  10:00   16.7     30    240    1010.0 
69147  10/08/2004  11:00   17.5     26    250    1009.6 
69147  10/08/2004  11:12   17.8     28    240    1009.7 
69147  10/08/2004  12:00   19.2     26    260    1009.4 
69147  10/08/2004  12:44   19.9     30    260    1009.5 
69147  10/08/2004  13:00   20.0     24    220    1009.5 
69147  10/08/2004  14:00   20.2     21    220    1009.5 
69147  10/08/2004  15:00   20.4     30    260    1009.5 
69147  10/08/2004  15:02   20.0     28    220    1009.5 
69147  10/08/2004  16:00   19.9     18    240    1010.1 
69147  10/08/2004  16:15   19.1     28    230    1010.6 
69147  10/08/2004  17:00   18.2     28    240    1011.8 
69147  10/08/2004  17:13   17.9     28    250    1011.9 
69147  10/08/2004  18:00   16.6     18    240    1012.8 
69147  10/08/2004  18:47   16.2     28    250    1013.4 
69147  10/08/2004  19:00   16.0     26    240    1013.7 
69147  10/08/2004  20:00   15.6     24    240    1014.9 
69147  10/08/2004  21:00   15.0     18    260    1015.1 
69147  10/08/2004  21:46   15.2     28    240    1015.0 
69147  10/08/2004  22:00   15.0     21    240    1015.1 
69147  10/08/2004  23:00   14.8     18    230    1015.1 
69147  10/09/2004  00:00   14.1     15    210    1015.2 
69147  10/09/2004  01:00   14.6     15    220    1015.5 
69147  10/09/2004  02:00   14.8     17    230    1015.3 
69147  10/09/2004  03:00   14.4      9    220    1015.8 
69147  10/09/2004  04:00   14.7     18    230    1016.4 
69147  10/09/2004  05:00   14.5     21    230    1017.0 
69147  10/09/2004  06:00   14.6     17    230    1017.6 
69147  10/09/2004  07:00   15.1     15    220    1018.2 
69147  10/09/2004  08:00   16.5     24    210    1018.8 
69147  10/09/2004  09:00   17.6     30    220    1019.0 
69147  10/09/2004  10:00   18.6     28    210    1019.2 
69147  10/09/2004  11:00   19.5     28    220    1018.9 
69147  10/09/2004  12:00   20.0     28    220    1019.1 
69147  10/09/2004  13:00   20.5     24    210    1018.7 
69147  10/09/2004  14:00   21.1     22    210    1018.4 
69147  10/09/2004  15:00   21.2     24    220    1018.2 
69147  10/09/2004  16:00   20.0     24    210    1018.3 
69147  10/09/2004  17:00   18.6     18    200    1018.8 
69147  10/09/2004  18:00   16.6     13    190    1019.5 
69147  10/09/2004  19:00   15.0      9    170    1020.6 
69147  10/09/2004  20:00   13.3     11    170    1021.4 
69147  10/09/2004  21:00   13.0     11    160    1022.4 
69147  10/09/2004  22:00   10.5      0      0    1022.8 
69147  10/09/2004  23:00   10.3      8    320    1023.0 
69147  10/10/2004  00:00    8.9      5    310    1023.1 
69147  10/10/2004  01:00    7.1      5    290    1022.7 
69147  10/10/2004  02:00    6.9      0      0    1022.1 
69147  10/10/2004  03:00    7.2      8    220    1021.7 
69147  10/10/2004  04:00    7.6      9    200    1021.6 
69147  10/10/2004  05:00    7.5      9    200    1021.8 
69147  10/10/2004  06:00    8.2      9    200    1022.3 
69147  10/10/2004  07:00    9.8      9    200    1022.5 
69147  10/10/2004  08:00   13.6      0      0    1022.7 
69147  10/10/2004  09:00   14.9      8    120    1022.6 
69147  10/10/2004  10:00   17.1     15     40    1021.8 
69147  10/10/2004  11:00   17.5     24     50    1021.1 
69147  10/10/2004  12:00   18.1     24     40    1020.3 
69147  10/10/2004  13:00   18.7     26     30    1019.7 
69147  10/10/2004  14:00   19.0     24     30    1019.0 
69147  10/10/2004  15:00   18.3     22     40    1018.7 
69147  10/10/2004  16:00   18.0     24     30    1018.5 
69147  10/10/2004  17:00   17.3     22     30    1018.5 
69147  10/10/2004  18:00   16.3     13     20    1018.8 
69147  10/10/2004  19:00   15.4      5     10    1019.2 
69147  10/10/2004  20:00   13.0      0      0    1019.7 
69147  10/10/2004  21:00   12.4      2    240    1020.0 
69147  10/10/2004  22:00   11.9      0      0    1020.1 
69147  10/10/2004  23:00   11.9      8    240    1020.1 
69147  10/11/2004  00:00   11.5      5    270    1020.1 
69147  10/11/2004  01:00   10.5      8    200    1019.6 
69147  10/11/2004  02:00   10.5      9    200    1019.2 
69147  10/11/2004  03:00    9.9      8    220    1018.8 
69147  10/11/2004  04:00    8.6      2    210    1018.8 
69147  10/11/2004  05:00    8.4      8    200    1018.7 
69147  10/11/2004  06:00    8.6      2    250    1018.9 
69147  10/11/2004  07:00   12.5      5    270    1019.0 
69147  10/11/2004  08:00   17.3      0      0    1018.7 
69147  10/11/2004  09:00   19.1      8    120    1018.6 
69147  10/11/2004  10:00   21.9     11     80    1018.1 
69147  10/11/2004  11:00   21.3     21     40    1017.2 
69147  10/11/2004  12:00   23.0     21     30    1015.9 
69147  10/11/2004  13:00   24.3     22     40    1014.8 
69147  10/11/2004  14:00   24.3     24     30    1013.8 
69147  10/11/2004  15:00   23.6     26     30    1012.8 
69147  10/11/2004  16:00   23.1     24     20    1012.4 
69147  10/11/2004  17:00   21.5     13     40    1012.9 
69147  10/11/2004  18:00   19.4      2     30    1013.0 
69147  10/11/2004  19:00   17.0      9    210    1013.7 
69147  10/11/2004  20:00   14.5      5    320    1014.3 
69147  10/11/2004  21:00   13.2      2    350    1014.5 
69147  10/11/2004  22:00   12.2      4    130    1014.8 
69147  10/11/2004  23:00   11.7      8    280    1015.3 
69147  10/12/2004  00:00   12.4      8    230    1014.7 
69147  10/12/2004  01:00   10.6      0      0    1014.1 
69147  10/12/2004  02:00   10.1      0      0    1013.6 
69147  10/12/2004  03:00   11.2      8    230    1013.3 
69147  10/12/2004  04:00    9.6      5    290    1013.5 
69147  10/12/2004  05:00   10.0      5    220    1014.0 
69147  10/12/2004  06:00   11.0      9    210    1014.7 
69147  10/12/2004  07:00   15.9      0      0    1014.8 
69147  10/12/2004  08:00   20.5      0      0    1014.9 
69147  10/12/2004  09:00   22.7      9    100    1014.3 
69147  10/12/2004  10:00   24.6     15    120    1013.5 
69147  10/12/2004  10:47   30.0     11     90    1012.8 
69147  10/12/2004  11:00   29.4     17     40    1012.6 
69147  10/12/2004  12:00   31.2     21     30    1011.3 
69147  10/12/2004  13:00   30.9     21     30    1010.5 
69147  10/12/2004  14:00   32.1     18     10    1010.1 
69147  10/12/2004  15:00   34.3     18    360    1009.4 
69147  10/12/2004  16:00   34.5     30    310    1009.3 
69147  10/12/2004  17:00   33.5     26    270    1009.7 
69147  10/12/2004  17:17   33.1     31    290    1009.7 
69147  10/12/2004  18:00   32.0     26    280    1010.4 
69147  10/12/2004  18:59   26.7      8    360    1011.1 
69147  10/12/2004  19:24   21.7      5    320    1011.2 
69147  10/12/2004  20:00   20.0     11    330    1011.6 
69147  10/12/2004  21:00   17.5      2    230    1011.4 
69147  10/12/2004  22:00   17.0      8    260    1010.9 
69147  10/12/2004  22:43   22.3     15    310    1010.3 
69147  10/12/2004  23:00   23.5     17    320    1010.1 
69147  10/13/2004  00:00   24.5     15    320    1009.3 
69147  10/13/2004  01:00   22.3     11    280    1009.0 
69147  10/13/2004  02:00   20.2      8    350    1009.2 
69147  10/13/2004  03:00   16.5      0      0    1009.2 
69147  10/13/2004  04:00   16.3     13    340    1008.8 
69147  10/13/2004  05:00   19.9     13    340    1009.1 
69147  10/13/2004  06:00   18.6     11    300    1010.0 
69147  10/13/2004  06:28   23.6     17    320    1010.0 
69147  10/13/2004  07:00   26.5     18    310    1010.1 
69147  10/13/2004  08:00   28.9     24    320    1010.1 
69147  10/13/2004  08:44   23.9     24    120    1011.0 
69147  10/13/2004  09:00   23.2     24    130    1011.2 
69147  10/13/2004  10:00   22.9     15    100    1011.2 
69147  10/13/2004  11:00   22.5      9     90    1010.6 
69147  10/13/2004  12:00   23.6     15     50    1010.8 
69147  10/13/2004  13:00   23.2     13     60    1010.7 
69147  10/13/2004  14:00   22.2      9     80    1010.2 
69147  10/13/2004  15:00   21.2      5    150    1010.7 
69147  10/13/2004  16:00   20.5      0      0    1011.2 
69147  10/13/2004  17:00   19.5      0      0    1011.7 
69147  10/13/2004  18:00   19.7      9    350    1012.3 
69147  10/13/2004  19:00   19.0      5    320    1012.6 
69147  10/13/2004  20:00   20.3      9    350    1013.3 
69147  10/13/2004  21:00   19.9      4    360    1013.2 
69147  10/13/2004  22:00   20.0     11     50    1012.2 
69147  10/13/2004  23:00   20.1      5    350    1012.8 
69147  10/14/2004  00:00   19.1      0      0    1012.2 
69147  10/14/2004  01:00   17.7     11    220    1011.7 
69147  10/14/2004  02:00   15.4      4    190    1010.9 
69147  10/14/2004  03:00   14.9      0      0    1011.2 
69147  10/14/2004  04:00   14.6      5    170    1011.2 
69147  10/14/2004  05:00   15.6     11    140    1011.7 
69147  10/14/2004  06:00   15.1     15    140    1012.2 
69147  10/14/2004  07:00   15.1     15    180    1012.9 
69147  10/14/2004  08:00   16.7     17    200    1013.2 
69147  10/14/2004  09:00   18.0     15    210    1012.9 
69147  10/14/2004  10:00   19.7     15    200    1012.5 
69147  10/14/2004  11:00   17.8     15    110    1012.2 
69147  10/14/2004  12:00   19.1     13    140    1011.8 
69147  10/14/2004  13:00   17.6     24    140    1011.6 
69147  10/14/2004  14:00   16.7     22    130    1011.5 
69147  10/14/2004  15:00   16.6     22    140    1011.3 
69147  10/14/2004  16:00   16.1     22    140    1011.5 
69147  10/14/2004  17:00   15.8     18    140    1012.0 
69147  10/14/2004  18:00   15.8     11    160    1012.5 
69147  10/14/2004  19:00   15.5     15    160    1013.3 
69147  10/14/2004  20:00   15.1     13    160    1014.2 
69147  10/14/2004  21:00   14.8      9    140    1014.8 
69147  10/14/2004  22:00   14.4      8    160    1014.4 
69147  10/14/2004  23:00   14.0      5    180    1014.3 
69147  10/15/2004  00:00   12.8      0      0    1013.9 
69147  10/15/2004  01:00   11.6      5    220    1013.4 
69147  10/15/2004  02:00   10.4      2    330    1012.3 
69147  10/15/2004  03:00   10.2      9    200    1012.6 
69147  10/15/2004  04:00   11.0      9    200    1012.5 
69147  10/15/2004  05:00   11.3     11    210    1012.7 
69147  10/15/2004  06:00   10.5      9    220    1013.3 
69147  10/15/2004  07:00   12.4     11    220    1013.9 
69147  10/15/2004  08:00   13.5      9    200    1014.2 
69147  10/15/2004  09:00   17.1     15    240    1014.4 
69147  10/15/2004  09:17   17.0     28    270    1014.5 
69147  10/15/2004  10:00   16.8     24    210    1014.4 
69147  10/15/2004  11:00   17.9     26    260    1014.2 
69147  10/15/2004  12:00   18.0     18    220    1014.4 
69147  10/15/2004  13:00   18.0     30    230    1014.6 
69147  10/15/2004  13:28   18.7     28    190    1014.6 
69147  10/15/2004  14:00   18.5     26    220    1014.8 
69147  10/15/2004  15:00   17.9     18    210    1015.2 
69147  10/15/2004  15:04   16.7     42    200    1015.7 
69147  10/15/2004  15:08   14.1     35    240    1016.1 
69147  10/15/2004  16:00   17.1     24    220    1016.1 
69147  10/15/2004  17:00   17.3     17    220    1016.7 
69147  10/15/2004  18:00   15.1     22    220    1018.0 
69147  10/15/2004  19:00   12.8     13    210    1019.3 
69147  10/15/2004  20:00   11.8     15    180    1020.4 
69147  10/15/2004  21:00   11.3     18    220    1020.7 
69147  10/15/2004  22:00    8.9      9    220    1021.0 
69147  10/15/2004  23:00    7.2      8    210    1021.2 
69147  10/16/2004  00:00    4.4      8    230    1021.1 
69147  10/16/2004  01:00    4.8      8    270    1021.0 
69147  10/16/2004  02:00    7.2     11    280    1020.7 
69147  10/16/2004  03:00    8.3     13    280    1020.7 
69147  10/16/2004  04:00    8.0     13    280    1020.4 
69147  10/16/2004  05:00    8.5     15    270    1020.7 
69147  10/16/2004  06:00    9.9     13    280    1021.4 
69147  10/16/2004  07:00   11.7     15    300    1021.9 
69147  10/16/2004  08:00   12.8      9    220    1022.2 
69147  10/16/2004  09:00   13.7     13    240    1022.7 
69147  10/16/2004  10:00   13.7     22    200    1023.1 
69147  10/16/2004  11:00   13.8     22    190    1022.8 
69147  10/16/2004  12:00   14.7     24    210    1022.8 
69147  10/16/2004  12:49   12.9     28    190    1022.9 
69147  10/16/2004  13:00   13.1     28    190    1022.8 
69147  10/16/2004  14:00   15.7     26    190    1022.2 
69147  10/16/2004  15:00   14.8     24    200    1022.3 
69147  10/16/2004  16:00   15.4     21    190    1022.6 
69147  10/16/2004  17:00   13.8     26    170    1023.1 
69147  10/16/2004  18:00   12.2     17    180    1024.0 
69147  10/16/2004  19:00   11.0     17    160    1025.0 
69147  10/16/2004  20:00    9.8      9    170    1025.7 
69147  10/16/2004  21:00    8.3      8    230    1026.1 
69147  10/16/2004  22:00    7.3      8    220    1026.0 
69147  10/16/2004  23:00    5.2      5    230    1025.8 
69147  10/17/2004  00:00    4.9      9    220    1025.5 
69147  10/17/2004  01:00    4.6      8    240    1024.9 
69147  10/17/2004  02:00    4.5      8    230    1024.6 
69147  10/17/2004  03:00    4.9      8    230    1024.2 
69147  10/17/2004  04:00    4.8      9    220    1024.1 
69147  10/17/2004  05:00    4.8      8    210    1024.2 
69147  10/17/2004  06:00    6.2      5    210    1024.6 
69147  10/17/2004  07:00   10.2      0      0    1024.6 
69147  10/17/2004  08:00   13.0      8     70    1024.7 
69147  10/17/2004  09:00   14.3     11     20    1024.6 
69147  10/17/2004  10:00   15.6     17     40    1024.0 
69147  10/17/2004  11:00   15.4     21     30    1023.2 
69147  10/17/2004  12:00   16.5     24     40    1022.6 
69147  10/17/2004  13:00   16.2     22     50    1022.1 
69147  10/17/2004  14:00   17.1     22     50    1021.5 
69147  10/17/2004  15:00   16.8     21     40    1021.3 
69147  10/17/2004  16:00   15.5     21     40    1021.5 
69147  10/17/2004  17:00   15.4     21     50    1021.7 
69147  10/17/2004  18:00   15.1     18     30    1022.3 
69147  10/17/2004  19:00   15.1     18     40    1023.0 
69147  10/17/2004  20:00   13.5     15     40    1023.6 
69147  10/17/2004  21:00   12.4     11    240    1024.1 
69147  10/17/2004  22:00   12.4     11    260    1024.3 
69147  10/17/2004  23:00   11.6     11    280    1024.6 
69147  10/18/2004  00:00   11.6     11    310    1024.4 
69147  10/18/2004  01:00   11.4      8    220    1024.1 
69147  10/18/2004  02:00   11.3      8    250    1023.9 
69147  10/18/2004  03:00   11.3      8    270    1023.8 
69147  10/18/2004  04:00   11.3      8    230    1023.8 
69147  10/18/2004  05:00   10.8      0      0    1024.1 
69147  10/18/2004  06:00   11.1      8    200    1024.8 
69147  10/18/2004  07:00   12.0      2    350    1025.4 
69147  10/18/2004  08:00   12.9      9    220    1025.7 
69147  10/18/2004  09:00   14.7     11    200    1025.9 
69147  10/18/2004  10:00   15.3     15    140    1026.2 
69147  10/18/2004  11:00   15.0     18    130    1026.3 
69147  10/18/2004  12:00   14.9     15     60    1026.2 
69147  10/18/2004  13:00   15.9     17     40    1026.3 
69147  10/18/2004  14:00   15.4     15     60    1026.3 
69147  10/18/2004  15:00   14.9     17     80    1026.4 
69147  10/18/2004  16:00   14.8      5     50    1026.6 
69147  10/18/2004  17:00   14.1      9    140    1026.8 
69147  10/18/2004  18:00   14.5     13     70    1027.3 
69147  10/18/2004  19:00   14.5     11     70    1027.9 
69147  10/18/2004  20:00   11.8      4     10    1028.6 
69147  10/18/2004  21:00   11.3      5    230    1029.0 
69147  10/18/2004  22:00   10.0      4    240    1029.1 
69147  10/18/2004  23:00    9.0      0      0    1029.2 
69147  10/19/2004  00:00    7.8      0      0    1029.2 
69147  10/19/2004  01:00    7.8      8    220    1028.9 
69147  10/19/2004  02:00    6.5      5    230    1028.7 
69147  10/19/2004  03:00    8.2      5    230    1028.7 
69147  10/19/2004  04:00    7.8      8    230    1028.8 
69147  10/19/2004  05:00    6.0      5    220    1029.3 
69147  10/19/2004  06:00    8.5      8    220    1029.8 
69147  10/19/2004  07:00   11.3      5    300    1030.3 
69147  10/19/2004  08:00   13.8      2    300    1030.6 
69147  10/19/2004  09:00   16.5      9    120    1030.7 
69147  10/19/2004  10:00   16.2     13    120    1030.6 
69147  10/19/2004  11:00   17.7     13     90    1030.2 
69147  10/19/2004  12:00   17.2     15     80    1029.6 
69147  10/19/2004  13:00   18.0     15     70    1029.4 
69147  10/19/2004  14:00   17.8     15     70    1028.9 
69147  10/19/2004  15:00   17.6     15     70    1028.7 
69147  10/19/2004  16:00   16.9     15     60    1028.9 
69147  10/19/2004  17:00   16.3     13     50    1028.9 
69147  10/19/2004  18:00   15.1     13     50    1029.2 
69147  10/19/2004  19:00   14.2      9     50    1029.3 
69147  10/19/2004  20:00   11.9     11    310    1029.8 
69147  10/19/2004  21:00   10.7      5    280    1029.9 
69147  10/19/2004  22:00    8.8      0      0    1029.9 
69147  10/19/2004  23:00    9.0      9    230    1029.6 
69147  10/20/2004  00:00    8.5      9    230    1029.3 
69147  10/20/2004  01:00    6.8      8    230    1028.5 
69147  10/20/2004  02:00    8.2      8    220    1028.1 
69147  10/20/2004  03:00    8.0      9    220    1027.7 
69147  10/20/2004  04:00    7.7     11    210    1027.5 
69147  10/20/2004  05:00    7.3      9    210    1027.7 
69147  10/20/2004  06:00    8.3      5    190    1028.4 
69147  10/20/2004  07:00   10.9      9    290    1028.6 
69147  10/20/2004  08:00   13.5      8    180    1028.3 
69147  10/20/2004  09:00   15.7     11     90    1028.3 
69147  10/20/2004  10:00   17.4     11     90    1028.1 
69147  10/20/2004  11:00   17.6     18     40    1027.5 
69147  10/20/2004  12:00   18.5     22     40    1027.0 
69147  10/20/2004  13:00   18.7     22     30    1026.2 
69147  10/20/2004  14:00   18.9     22     30    1025.6 
69147  10/20/2004  15:00   18.5     22     30    1025.0 
69147  10/20/2004  16:00   17.6     22     30    1024.9 
69147  10/20/2004  17:00   16.8     21     40    1024.9 
69147  10/20/2004  18:00   16.3     13     30    1024.9 
69147  10/20/2004  19:00   15.6     13     20    1024.9 
69147  10/20/2004  20:00   15.4     11     10    1025.4 
69147  10/20/2004  21:00   14.0      9    320    1025.4 
69147  10/20/2004  22:00   13.2      9    330    1025.3 
69147  10/20/2004  23:00   11.6      8    310    1024.7 
69147  10/21/2004  00:00   10.0      5    290    1024.2 
69147  10/21/2004  01:00    9.5      5    270    1023.6 
69147  10/21/2004  02:00    9.9      9    240    1022.7 
69147  10/21/2004  03:00   10.0      8    220    1022.2 
69147  10/21/2004  04:00   10.6      8    200    1021.6 
69147  10/21/2004  05:00   10.9      8    210    1021.3 
69147  10/21/2004  06:00   11.8      4    190    1021.5 
69147  10/21/2004  07:00   13.0      9    310    1021.6 
69147  10/21/2004  08:00   14.1      0      0    1021.2 
69147  10/21/2004  09:00   15.0      5    220    1020.7 
69147  10/21/2004  10:00   15.4      0      0    1020.1 
69147  10/21/2004  11:00   15.3      2    190    1019.3 
69147  10/21/2004  12:00   15.9     13     60    1018.2 
69147  10/21/2004  13:00   15.9      8     60    1017.5 
69147  10/21/2004  14:00   16.2      9    100    1016.8 
69147  10/21/2004  15:00   16.2     11    110    1016.2 
69147  10/21/2004  16:00   16.2     17     90    1015.9 
69147  10/21/2004  17:00   16.2     13    110    1015.8 
69147  10/21/2004  18:00   16.1     11    110    1015.5 
69147  10/21/2004  19:00   16.1     11    130    1015.4 
69147  10/21/2004  20:00   16.1     13    140    1015.1 
69147  10/21/2004  21:00   16.0     15    160    1014.5 
69147  10/21/2004  22:00   16.0     18    160    1013.5 
69147  10/21/2004  23:00   15.8     22    170    1012.3 
69147  10/22/2004  00:00   15.9     17    170    1011.2 
69147  10/22/2004  01:00   16.1     13    140    1010.1 
69147  10/22/2004  02:00   16.4      9    160    1009.3 
69147  10/22/2004  03:00   16.6      8    140    1008.7 
69147  10/22/2004  04:00   16.6      5    120    1008.3 
69147  10/22/2004  05:00   16.5      8    190    1008.1 
69147  10/22/2004  06:00   16.8      8     80    1008.3 
69147  10/22/2004  07:00   17.0      8    100    1008.3 
69147  10/22/2004  08:00   17.1     11     40    1008.6 
69147  10/22/2004  09:00   18.2     13     40    1008.8 
69147  10/22/2004  10:00   19.3     11     40    1008.6 
69147  10/22/2004  11:00   18.8     11    100    1008.1 
69147  10/22/2004  12:00   19.5     11     40    1007.7 
69147  10/22/2004  13:00   20.2     13     70    1007.5 
69147  10/22/2004  14:00   19.6     11    100    1007.1 
69147  10/22/2004  15:00   19.2     11    100    1007.0 
69147  10/22/2004  16:00   19.4     11    110    1006.9 
69147  10/22/2004  17:00   18.7      9    100    1007.2 
69147  10/22/2004  18:00   18.0      5    130    1007.7 
69147  10/22/2004  19:00   17.0      5    120    1008.2 
69147  10/22/2004  20:00   17.1      5    120    1008.9 
69147  10/22/2004  21:00   17.1      5    180    1009.0 
69147  10/22/2004  22:00   17.0      5    170    1009.1 
69147  10/22/2004  23:00   16.8      2    190    1008.8 
69147  10/23/2004  00:00   16.1      5    300    1008.4 
69147  10/23/2004  01:00   15.5      8    310    1007.8 
69147  10/23/2004  02:00   13.8      0      0    1007.4 
69147  10/23/2004  03:00   14.0      0      0    1007.1 
69147  10/23/2004  04:00   12.9      4    210    1007.1 
69147  10/23/2004  05:00   12.9      0      0    1007.5 
69147  10/23/2004  06:00   14.1      2    200    1007.9 
69147  10/23/2004  07:00   15.8      2    190    1008.3 
69147  10/23/2004  08:00   17.8      9    100    1008.5 
69147  10/23/2004  09:00   18.6     11     80    1008.6 
69147  10/23/2004  10:00   19.0     13     70    1008.7 
69147  10/23/2004  11:00   20.4     13     40    1008.4 
69147  10/23/2004  12:00   19.3     15     60    1008.2 
69147  10/23/2004  13:00   19.7     15     80    1008.7 
69147  10/23/2004  14:00   19.8     13    100    1008.7 
69147  10/23/2004  15:00   19.3     13     80    1009.0 
69147  10/23/2004  16:00   18.8     11     90    1009.4 
69147  10/23/2004  17:00   18.4      8     60    1010.3 
69147  10/23/2004  18:00   17.8      8     80    1011.0 
69147  10/23/2004  19:00   16.1      4     30    1012.1 
69147  10/23/2004  20:00   16.2      2     30    1013.2 
69147  10/23/2004  21:00   16.2      0      0    1013.9 
69147  10/23/2004  22:00   16.0     11    140    1014.1 
69147  10/23/2004  23:00   15.6      8    150    1014.2 
69147  10/24/2004  00:00   15.0      0      0    1014.2 
69147  10/24/2004  01:00   15.3      8    160    1014.0 
69147  10/24/2004  02:00   14.9     17    160    1014.2 
69147  10/24/2004  03:00   14.7     11    180    1014.5 
69147  10/24/2004  04:00   14.3     15    180    1014.8 
69147  10/24/2004  05:00   13.9     13    170    1015.3 
69147  10/24/2004  06:00   14.0     13    180    1016.1 
69147  10/24/2004  07:00   14.2      8    180    1016.8 
69147  10/24/2004  08:00   14.8      5    220    1017.4 
69147  10/24/2004  09:00   14.3      2    320    1017.8 
69147  10/24/2004  10:00   14.8      8    290    1018.2 
69147  10/24/2004  11:00   15.1     13    300    1017.5 
69147  10/24/2004  12:00   15.7      9    330    1017.6 
69147  10/24/2004  13:00   15.6     11     40    1017.7 
69147  10/24/2004  14:00   15.6     13     40    1017.5 
69147  10/24/2004  15:00   16.0      9     40    1017.0 
69147  10/24/2004  16:00   16.1     11     40    1017.0 
69147  10/24/2004  17:00   15.8     11     50    1017.5 
69147  10/24/2004  18:00   15.4      9     30    1018.0 
69147  10/24/2004  19:00   15.1      5     50    1018.7 
69147  10/24/2004  20:00   14.9      5     10    1019.3 
69147  10/24/2004  21:00   14.5      8    270    1019.7 
69147  10/24/2004  22:00   14.6     11    320    1019.9 
69147  10/24/2004  23:00   14.5      9    300    1019.9 
69147  10/25/2004  00:00   13.6      0      0    1019.8 
69147  10/25/2004  01:00   13.4      0      0    1019.2 
69147  10/25/2004  02:00   11.6      0      0    1019.0 
69147  10/25/2004  03:00   11.4      5    260    1018.9 
69147  10/25/2004  04:00    9.8      0      0    1018.9 
69147  10/25/2004  05:00   10.2      5    260    1019.0 
69147  10/25/2004  06:00   11.5      0      0    1019.2 
69147  10/25/2004  07:00   13.9      2    280    1019.8 
69147  10/25/2004  08:00   16.9      8     90    1019.3 
69147  10/25/2004  09:00   18.2     17     60    1019.0 
69147  10/25/2004  10:00   18.0     21     40    1018.6 
69147  10/25/2004  11:00   18.5     24     50    1018.1 
69147  10/25/2004  12:00   19.0     26     40    1017.0 
69147  10/25/2004  13:00   19.4     26     40    1017.0 
69147  10/25/2004  14:00   19.9     24     40    1016.0 
69147  10/25/2004  15:00   19.4     21     40    1016.0 
69147  10/25/2004  16:00   18.5     18     50    1016.0 
69147  10/25/2004  17:00   18.5     15     50    1016.0 
69147  10/25/2004  18:00   17.6      8     50    1017.0 
69147  10/25/2004  19:00   17.0      5    110    1017.0 
69147  10/25/2004  20:00   17.2      5    130    1018.0 
69147  10/25/2004  21:00   17.3      5    100    1019.0 
69147  10/25/2004  22:00   17.3      0      0    1018.0 
69147  10/25/2004  23:00   17.2      5     30    1018.0 
69147  10/26/2004  00:00   17.1      5    350    1017.0 
69147  10/26/2004  01:00   17.0      0      0    1017.0 
69147  10/26/2004  02:00   16.9      0      0    1017.0 
69147  10/26/2004  03:00   17.1      9    280    1017.0 
69147  10/26/2004  04:00   16.5     11    130    1017.0 
69147  10/26/2004  05:00   16.2      9    170    1017.0 
69147  10/26/2004  06:00   16.2      8    210    1018.0 
69147  10/26/2004  07:00   16.6      9    110    1019.0 
69147  10/26/2004  08:00   17.1     11    120    1019.0 
69147  10/26/2004  09:00   18.0     11     90    1018.0 
69147  10/26/2004  10:00   18.6     15    100    1018.0 
69147  10/26/2004  11:00   19.2     15     80    1017.0 
69147  10/26/2004  12:00   19.6     13     90    1016.0 
69147  10/26/2004  13:00   18.9     13    100    1016.0 
69147  10/26/2004  14:00   19.5     15    100    1015.0 
69147  10/26/2004  15:00   18.7      9    100    1014.0 
69147  10/26/2004  16:00   18.5     11     90    1014.0 
69147  10/26/2004  17:00   18.6      9    120    1014.0 
69147  10/26/2004  18:00   18.1      9     90    1014.0 
69147  10/26/2004  19:00   17.6      9    130    1015.0 
69147  10/26/2004  20:00   17.0      5    150    1015.0 
69147  10/26/2004  21:00   15.5      0      0    1014.0 
69147  10/26/2004  22:00   16.4      5    320    1013.0 
69147  10/26/2004  23:00   16.2      9    320    1012.0 
69147  10/27/2004  00:00   16.3      4    300    1011.0 
69147  10/27/2004  01:00   16.3      8    330    1009.0 
69147  10/27/2004  02:00   16.0      5     20    1007.0 
69147  10/27/2004  03:00   15.7      8     30    1007.0 
69147  10/27/2004  04:00   15.8      4     40    1006.0 
69147  10/27/2004  05:00   15.5      5     40    1004.0 
69147  10/27/2004  06:00   15.9      5     10    1004.0 
69147  10/27/2004  07:00   16.1      0      0    1004.0 
69147  10/27/2004  08:00   18.1      8    250    1002.0 
69147  10/27/2004  09:00   18.8     13     80    1001.0 
69147  10/27/2004  10:00   19.5     15     70     999.0 
69147  10/27/2004  11:00   20.9     11     70     998.0 
69147  10/27/2004  11:59   25.7     28    320     997.1 
69147  10/27/2004  12:07   26.7     33    290     997.1 
69147  10/27/2004  12:26   26.2     46    310     997.4 
69147  10/27/2004  13:00   24.0     44    310     998.2 
69147  10/27/2004  13:38   22.9     41    270     998.4 
69147  10/27/2004  14:00   22.3     44    290     999.0 
69147  10/27/2004  14:12   21.8     31    280     999.0 
69147  10/27/2004  14:19   21.6     33    270     999.0 
69147  10/27/2004  15:00   19.4     37    280    1000.5 
69147  10/27/2004  15:33   18.2     31    250    1001.6 
69147  10/27/2004  16:00   18.7     35    260    1002.1 
69147  10/27/2004  16:43   17.3     35    270    1004.1 
69147  10/27/2004  17:00   17.2     42    260    1004.5 
69147  10/27/2004  17:31   16.7     39    270    1004.7 
69147  10/27/2004  17:54   16.1     39    260    1006.2 
69147  10/27/2004  18:01   15.8     37    260    1006.4 
69147  10/27/2004  18:51   14.5     28    260    1007.6 
69147  10/27/2004  19:01   14.3     28    250    1007.8 
69147  10/27/2004  20:00   13.8     35    260    1009.5 
69147  10/27/2004  21:00   13.5     37    260    1010.3 
69147  10/27/2004  22:00   12.6     30    250    1010.7 
69147  10/27/2004  23:00   12.3     28    270    1011.2 
69147  10/28/2004  00:00   12.1     26    270    1010.8 
69147  10/28/2004  00:12   12.2     28    260    1010.8 
69147  10/28/2004  01:00   12.5     26    240    1010.9 
69147  10/28/2004  01:06   12.5     31    240    1011.1 
69147  10/28/2004  02:00   12.2     24    240    1011.5 
69147  10/28/2004  02:03   12.2     28    230    1011.6 
69147  10/28/2004  03:00   12.4     26    240    1011.7 
69147  10/28/2004  03:10   12.4     30    230    1011.7 
69147  10/28/2004  04:00   12.3     26    230    1012.4 
69147  10/28/2004  05:00   12.1     30    240    1013.4 
69147  10/28/2004  06:00   12.7     22    240    1015.0 
69147  10/28/2004  07:00   13.4     22    230    1016.1 
69147  10/28/2004  07:23   14.2     28    220    1016.3 
69147  10/28/2004  08:00   13.8     30    210    1017.1 
69147  10/28/2004  09:00   15.1     33    220    1017.9 
69147  10/28/2004  10:00   16.4     31    230    1018.3 
69147  10/28/2004  11:00   16.6     26    230    1018.7 
69147  10/28/2004  11:24   16.3     39    200    1019.3 
69147  10/28/2004  12:00   16.7     35    210    1019.7 
69147  10/28/2004  13:00   15.5     39    210    1021.0 
69147  10/28/2004  13:32   16.7     17    240    1020.9 
69147  10/28/2004  13:52   16.7     39    210    1020.9 
69147  10/28/2004  13:56   16.4     30    250    1020.8 
69147  10/28/2004  14:01   16.7     28    240    1020.8 
69147  10/28/2004  15:00   15.4     31    190    1021.3 
69147  10/28/2004  15:11   15.8     30    190    1021.4 
69147  10/28/2004  16:00   15.6     35    200    1022.2 
69147  10/28/2004  17:00   14.7     30    220    1023.0 
69147  10/28/2004  18:00   14.3     11    230    1023.9 
69147  10/28/2004  19:00   12.6     17    190    1025.1 
69147  10/28/2004  20:00   12.2     13    200    1025.8 
69147  10/28/2004  21:00   11.7      9    230    1026.4 
69147  10/28/2004  22:00   11.5     11    240    1026.5 
69147  10/28/2004  23:00   11.5      9    210    1026.6 
69147  10/29/2004  00:00   11.2      9    230    1026.5 
69147  10/29/2004  01:00   10.5      9    260    1026.2 
69147  10/29/2004  02:00   11.1      9    240    1026.0 
69147  10/29/2004  03:00   11.4     11    260    1025.8 
69147  10/29/2004  04:00   11.0      8    260    1025.8 
69147  10/29/2004  05:00   10.8      8    260    1026.3 
69147  10/29/2004  06:00   11.5      8    270    1027.0 
69147  10/29/2004  07:00   12.9      9    240    1027.4 
69147  10/29/2004  08:00   13.1     15    220    1028.1 
69147  10/29/2004  09:00   14.3     11    220    1028.3 
69147  10/29/2004  10:00   15.3     11    180    1027.9 
69147  10/29/2004  11:00   15.7      9     90    1027.5 
69147  10/29/2004  12:00   16.6     17    110    1027.1 
69147  10/29/2004  13:00   16.5     17    110    1027.0 
69147  10/29/2004  14:00   16.3     17    110    1026.6 
69147  10/29/2004  15:00   16.9     15    100    1026.3 
69147  10/29/2004  16:00   16.2     13    120    1026.4 
69147  10/29/2004  17:00   15.4     13    110    1026.6 
69147  10/29/2004  18:00   14.4     11    140    1027.2 
69147  10/29/2004  19:00   12.5      4    130    1027.7 
69147  10/29/2004  20:00   10.4      0      0    1028.2 
69147  10/29/2004  21:00   11.4      5    180    1028.6 
69147  10/29/2004  22:00   12.0      4    200    1028.3 
69147  10/29/2004  23:00   12.1      8    210    1028.2 
69147  10/30/2004  00:00   12.1      8    220    1027.9 
69147  10/30/2004  01:00   11.6      8    210    1027.3 
69147  10/30/2004  02:00   11.3      8    210    1027.2 
69147  10/30/2004  03:00   10.6      9    210    1027.0 
69147  10/30/2004  04:00   10.1      8    210    1027.0 
69147  10/30/2004  05:00    8.4      5    210    1027.3 
69147  10/30/2004  06:00   10.6      0      0    1027.8 
69147  10/30/2004  07:00   14.0      5    180    1028.0 
69147  10/30/2004  08:00   17.1      9     90    1028.3 
69147  10/30/2004  09:00   18.0     17     70    1028.2 
69147  10/30/2004  10:00   18.3     21     60    1028.1 
69147  10/30/2004  11:00   18.4     18     60    1027.2 
69147  10/30/2004  12:00   19.4     22     50    1026.7 
69147  10/30/2004  13:00   19.0     22     40    1026.0 
69147  10/30/2004  14:00   18.9     26     50    1025.0 
69147  10/30/2004  15:00   18.5     26     40    1024.2 
69147  10/30/2004  16:00   18.1     24     40    1023.8 
69147  10/30/2004  17:00   17.4     24     30    1023.4 
69147  10/30/2004  18:00   16.5     18     30    1023.6 
69147  10/30/2004  19:00   15.8     18     20    1024.0 
69147  10/30/2004  20:00   15.4     17     10    1024.4 
69147  10/30/2004  21:00   14.9     11    360    1024.5 
69147  10/30/2004  22:00   13.8      9    340    1024.1 
69147  10/30/2004  23:00   12.6      9    350    1024.0 
69147  10/31/2004  00:00   13.9     13    360    1023.4 
69147  10/31/2004  01:00   12.2      8    340    1022.7 
69147  10/31/2004  02:00   10.6      9    310    1022.3 
69147  10/31/2004  03:00    9.0      8    220    1022.1 
69147  10/31/2004  04:00    8.2      5    230    1021.8 
69147  10/31/2004  05:00    7.9      5    230    1022.0 
69147  10/31/2004  06:00    9.6      5    220    1022.1 
69147  10/31/2004  07:00   14.3      8    330    1021.9 
69147  10/31/2004  08:00   18.2      9     10    1021.6 
69147  10/31/2004  09:00   19.1     17     50    1021.3 
69147  10/31/2004  10:00   19.9     22     40    1020.7 
69147  10/31/2004  11:00   19.4     28     40    1019.8 
69147  10/31/2004  11:37   20.5     28     40    1019.4 
69147  10/31/2004  12:00   20.4     28     40    1019.1 
69147  10/31/2004  13:00   20.8     26     40    1018.5 
69147  10/31/2004  14:00   20.6     31     40    1017.6 
69147  10/31/2004  14:03   20.7     30     40    1017.6 
69147  10/31/2004  15:00   20.4     33     30    1017.0 
69147  10/31/2004  16:00   20.1     28     40    1016.8 
69147  10/31/2004  16:06   19.9     30     30    1016.6 
69147  10/31/2004  17:00   18.7     24     30    1016.5 
69147  10/31/2004  18:00   18.1     22     30    1016.7 
69147  10/31/2004  19:00   17.7     21     30    1017.0 
69147  10/31/2004  20:00   17.6     11     30    1017.5 
69147  10/31/2004  21:00   17.2      8    340    1017.3 
69147  10/31/2004  22:00   15.0      2    290    1017.1 
69147  10/31/2004  23:00   13.6      5    300    1016.7 
69147  11/01/2004  00:00   12.4      2    360    1016.2 
69147  11/01/2004  01:00   12.2      0      0    1015.4 
69147  11/01/2004  02:00   10.5      5    190    1014.8 
69147  11/01/2004  03:00    9.8      5    200    1014.0 
69147  11/01/2004  04:00   11.0      9    210    1013.8 
69147  11/01/2004  05:00   10.7     11    200    1013.8 
69147  11/01/2004  06:00   11.9      8    220    1013.9 
69147  11/01/2004  07:00   14.5      9    190    1013.6 
69147  11/01/2004  08:00   18.7      5     60    1013.1 
69147  11/01/2004  09:00   20.3     17     40    1012.5 
69147  11/01/2004  10:00   23.1     18     40    1011.5 
69147  11/01/2004  11:00   24.3     24     30    1010.5 
69147  11/01/2004  11:41   23.7     28     40    1009.9 
69147  11/01/2004  12:00   23.0     28     40    1009.5 
69147  11/01/2004  13:00   22.0     18     40    1008.5 
69147  11/01/2004  14:00   23.0     17     20    1007.6 
69147  11/01/2004  15:00   21.3     24    250    1008.3 
69147  11/01/2004  16:00   19.6      5     40    1007.7 
69147  11/01/2004  17:00   18.2     13    270    1009.3 
69147  11/01/2004  18:00   18.6      8    280    1009.9 
69147  11/01/2004  19:00   17.4      9    130    1010.2 
69147  11/01/2004  20:00   16.2      0      0    1010.3 
69147  11/01/2004  21:00   15.3      4    280    1010.1 
69147  11/01/2004  22:00   15.1      2    280    1010.1 
69147  11/01/2004  23:00   15.3      5    280    1009.2 
69147  11/02/2004  00:00   14.7      5    260    1008.4 
69147  11/02/2004  01:00   13.6      0      0    1007.3 
69147  11/02/2004  02:00   13.6      5    340    1006.6 
69147  11/02/2004  03:00   12.8      0      0    1006.1 
69147  11/02/2004  04:00   12.5      4    160    1006.0 
69147  11/02/2004  05:00   12.5      4    170    1006.4 
69147  11/02/2004  06:00   13.9      0      0    1006.7 
69147  11/02/2004  07:00   15.3      0      0    1006.5 
69147  11/02/2004  07:27   20.3     11    330    1006.2 
69147  11/02/2004  08:00   22.8     18    320    1006.0 
69147  11/02/2004  09:00   25.5     26    320    1005.5 
69147  11/02/2004  10:00   27.5     17    340    1004.2 
69147  11/02/2004  11:00   23.9     22     30    1003.1 
69147  11/02/2004  12:00   24.0     22     30    1001.5 
69147  11/02/2004  13:00   24.2     26     30    1000.5 
69147  11/02/2004  13:40   24.1     28     20     999.0 
69147  11/02/2004  14:00   22.3     26     20     998.9 
69147  11/02/2004  15:00   20.9     18     40     998.2 
69147  11/02/2004  16:00   23.8     18    360     997.2 
69147  11/02/2004  17:00   22.3     21     10     997.7 
69147  11/02/2004  17:24   21.2     28     20     998.1 
69147  11/02/2004  18:00   19.8     28     10     998.4 
69147  11/02/2004  18:38   19.2      8    310    1000.4 
69147  11/02/2004  18:49   18.3     35    190    1001.2 
69147  11/02/2004  18:55   16.9     30    190    1001.1 
69147  11/02/2004  20:00   15.0      5    190    1001.8 
69147  11/02/2004  21:00   14.5      9    260    1003.5 
69147  11/02/2004  21:05   14.4     13    260    1001.3 
69147  11/02/2004  22:00   14.3      4    160    1002.8 
69147  11/02/2004  22:37   13.2      2    180    1000.8 
69147  11/02/2004  23:00   13.5     11    360    1000.7 
69147  11/03/2004  00:00   13.0     15    310    1001.7 
69147  11/03/2004  01:00   11.7     22    270    1002.8 
69147  11/03/2004  02:00   11.1     22    260    1002.8 
69147  11/03/2004  03:00   10.5     13    270    1003.1 
69147  11/03/2004  04:00    8.3      5     10    1003.4 
69147  11/03/2004  05:00    7.6     11    250    1003.9 
69147  11/03/2004  05:59   12.6     21    260    1004.3 
69147  11/03/2004  07:00   14.9     21    320    1004.2 
69147  11/03/2004  07:47   15.0     28    300    1004.7 
69147  11/03/2004  08:00   14.7     17    260    1005.0 
69147  11/03/2004  09:00   15.3     21    270    1005.1 
69147  11/03/2004  10:00   18.1     21    240    1005.4 
69147  11/03/2004  11:00   18.8     26    280    1005.7 
69147  11/03/2004  12:00   20.2     22    230    1006.4 
69147  11/03/2004  13:00   21.2     15    250    1006.8 
69147  11/03/2004  14:00   22.5     17    230    1006.8 
69147  11/03/2004  15:00   22.3     13    240    1006.7 
69147  11/03/2004  16:00   21.2     18    190    1007.5 
69147  11/03/2004  17:00   19.5     22    180    1008.1 
69147  11/03/2004  18:00   17.5     18    190    1009.3 
69147  11/03/2004  19:00   15.0     13    180    1011.1 
69147  11/03/2004  20:00   13.6     15    200    1012.1 
69147  11/03/2004  20:57   12.0      8    210    1014.1 
69147  11/03/2004  22:00   10.0      8    190    1015.0 
69147  11/03/2004  23:00   12.1      5    220    1015.6 
69147  11/04/2004  00:00   12.6      8    180    1015.6 
69147  11/04/2004  01:00   12.3      5    200    1015.2 
69147  11/04/2004  02:00   11.4      8    200    1014.9 
69147  11/04/2004  03:00   10.7      0      0    1014.4 
69147  11/04/2004  04:00   11.5      0      0    1014.4 
69147  11/04/2004  05:00   11.5      5    210    1014.7 
69147  11/04/2004  06:00   12.1      0      0    1015.0 
69147  11/04/2004  07:00   13.8      8     70    1015.7 
69147  11/04/2004  08:00   14.4      9     90    1015.8 
69147  11/04/2004  09:00   15.7      9    100    1016.0 
69147  11/04/2004  10:00   16.4     13    120    1015.1 
69147  11/04/2004  11:00   16.2      9    120    1015.0 
69147  11/04/2004  12:00   16.7     21     40    1014.2 
69147  11/04/2004  13:00   17.7     22     40    1013.4 
69147  11/04/2004  14:00   18.2     22     40    1012.7 
69147  11/04/2004  15:00   17.4     22     40    1012.0 
69147  11/04/2004  16:00   17.3     22     30    1011.9 
69147  11/04/2004  17:00   17.1     15     20    1012.0 
69147  11/04/2004  18:00   17.3      9     20    1012.8 
69147  11/04/2004  19:00   17.3     15     20    1012.9 
69147  11/04/2004  20:00   16.7      4     60    1012.1 
69147  11/04/2004  21:00   16.6      0      0    1011.8 
69147  11/04/2004  22:00   16.3      5     70    1011.1 
69147  11/04/2004  23:00   16.7      8     30    1010.6 
69147  11/05/2004  00:00   17.1      8    340    1009.4 
69147  11/05/2004  00:57   16.5      0      0    1007.4 
69147  11/05/2004  02:00   16.5      2     90    1006.3 
69147  11/05/2004  03:00   16.4      5     50    1005.0 
69147  11/05/2004  04:00   16.3      2    300    1003.5 
69147  11/05/2004  05:00   16.1      0      0    1002.7 
69147  11/05/2004  06:00   16.2      0      0    1001.7 
69147  11/05/2004  07:00   16.3      5     70    1001.1 
69147  11/05/2004  08:00   16.7      9     30    1000.3 
69147  11/05/2004  08:40   17.3      4     60     998.3 
69147  11/05/2004  09:00   17.7      8     40     998.1 
69147  11/05/2004  10:00   19.2     15     20     997.4 
69147  11/05/2004  11:00   20.5     17     40     996.5 
69147  11/05/2004  12:00   20.2     15     10     996.6 
69147  11/05/2004  13:00   21.9     17     50     996.0 
69147  11/05/2004  14:00   21.3     21     40     995.7 
69147  11/05/2004  14:41   26.3     22    330     995.3 
69147  11/05/2004  15:00   27.3     24    330     995.4 
69147  11/05/2004  15:35   27.0     31    320     995.6 
69147  11/05/2004  16:00   26.9     30    320     996.0 
69147  11/05/2004  16:01   26.8     30    320     996.1 
69147  11/05/2004  17:00   25.8     22    300     997.4 
69147  11/05/2004  18:00   24.2     13    300     998.8 
69147  11/05/2004  19:00   23.2     21    290    1000.6 
69147  11/05/2004  20:00   21.5     15    310    1001.8 
69147  11/05/2004  21:00   18.5      9    330    1002.6 
69147  11/05/2004  22:00   15.3      5    320    1003.4 
69147  11/05/2004  23:00   13.0      4    280    1003.8 
69147  11/06/2004  00:00   13.7     13    320    1003.9 
69147  11/06/2004  01:00   11.8      4    230    1003.9 
69147  11/06/2004  02:00   11.8      9    230    1003.9 
69147  11/06/2004  03:00   10.4      5    230    1004.2 
69147  11/06/2004  04:00   10.3      8    240    1004.5 
69147  11/06/2004  05:00   10.3      8    220    1005.2 
69147  11/06/2004  06:00   13.9      4    310    1006.1 
69147  11/06/2004  07:00   17.3      4    260    1006.9 
69147  11/06/2004  08:00   18.0      9    210    1007.7 
69147  11/06/2004  09:00   17.9     17    210    1007.9 
69147  11/06/2004  10:00   17.2     15    210    1008.6 
69147  11/06/2004  11:00   18.5     15    160    1008.5 
69147  11/06/2004  12:00   19.7     18    200    1008.6 
69147  11/06/2004  13:00   17.4     17    150    1008.8 
69147  11/06/2004  14:00   18.2     11    140    1009.1 
69147  11/06/2004  15:00   16.9     18    120    1009.3 
69147  11/06/2004  16:00   15.8     21    130    1010.1 
69147  11/06/2004  17:00   15.3     21    130    1011.2 
69147  11/06/2004  18:00   14.4     17    130    1012.7 
69147  11/06/2004  19:00   14.4     15    140    1014.0 
69147  11/06/2004  20:00   13.6     15    150    1014.9 
69147  11/06/2004  21:00   13.1     13    120    1016.4 
69147  11/06/2004  22:00   12.8      5    220    1016.7 
69147  11/06/2004  23:00   12.0      9    180    1016.2 
69147  11/07/2004  00:00   11.9      9    270    1016.3 
69147  11/07/2004  01:00   11.0      5    320    1016.0 
69147  11/07/2004  02:00    9.5      0      0    1016.0 
69147  11/07/2004  03:00   10.1      2    240    1016.1 
69147  11/07/2004  04:00    9.5      8    270    1016.0 
69147  11/07/2004  05:00    8.5      8    250    1016.6 
69147  11/07/2004  06:00   10.8      8    240    1017.2 
69147  11/07/2004  07:00   13.2      5    230    1017.6 
69147  11/07/2004  08:00   15.7     15    250    1017.7 
69147  11/07/2004  09:00   17.1     11    230    1017.6 
69147  11/07/2004  10:00   18.8      5    340    1017.5 
69147  11/07/2004  11:00   18.0     17     90    1017.5 
69147  11/07/2004  12:00   18.0     18    120    1017.4 
69147  11/07/2004  13:00   17.1     22    120    1017.5 
69147  11/07/2004  14:00   16.1     22    130    1017.5 
69147  11/07/2004  15:00   17.7     21    130    1017.6 
69147  11/07/2004  16:00   16.6     18    140    1018.1 
69147  11/07/2004  17:00   16.3     11    110    1018.4 
69147  11/07/2004  18:00   15.2     13    130    1019.2 
69147  11/07/2004  19:00   14.9      9    140    1020.0 
69147  11/07/2004  20:00   13.8      0      0    1020.5 
69147  11/07/2004  21:00   14.0      9    330    1020.9 
69147  11/07/2004  22:00   12.8      9    320    1021.0 
69147  11/07/2004  23:00   12.2      9    300    1020.9 
69147  11/08/2004  00:00   11.3      8    260    1020.8 
69147  11/08/2004  01:00   10.5      5    210    1020.4 
69147  11/08/2004  02:00   10.6      8    260    1020.5 
69147  11/08/2004  03:00   10.5     11    190    1020.3 
69147  11/08/2004  04:00   10.2      2    210    1020.4 
69147  11/08/2004  05:00    9.6      5    210    1020.5 
69147  11/08/2004  06:00   13.1      5    230    1021.1 
69147  11/08/2004  07:00   15.6      8    190    1021.6 
69147  11/08/2004  08:00   17.1     18    170    1022.0 
69147  11/08/2004  09:00   16.9     15    190    1022.5 
69147  11/08/2004  10:00   17.4     13    120    1022.4 
69147  11/08/2004  11:00   16.5     22    130    1022.3 
69147  11/08/2004  12:00   17.7     21    110    1021.9 
69147  11/08/2004  13:00   16.5     21    130    1021.9 
69147  11/08/2004  14:00   16.4     17    120    1021.6 
69147  11/08/2004  15:00   16.3     18    140    1021.6 
69147  11/08/2004  16:00   17.1     18    130    1021.7 
69147  11/08/2004  17:00   16.0     15    140    1021.8 
69147  11/08/2004  18:00   15.4     17    140    1022.4 
69147  11/08/2004  19:00   15.2     11    150    1023.0 
69147  11/08/2004  20:00   14.8      9    200    1023.5 
69147  11/08/2004  21:00   14.3      0      0    1023.8 
69147  11/08/2004  22:00   14.0      8    300    1023.9 
69147  11/08/2004  23:00   13.5      8    200    1023.8 
69147  11/09/2004  00:00   12.9      8    200    1023.4 
69147  11/09/2004  01:00   13.1      0      0    1022.8 
69147  11/09/2004  02:00   12.9      2    210    1022.5 
69147  11/09/2004  03:00   12.9      5    210    1022.2 
69147  11/09/2004  04:00   12.9      8    200    1022.0 
69147  11/09/2004  05:00   12.9      0      0    1022.4 
69147  11/09/2004  06:00   13.6      0      0    1022.7 
69147  11/09/2004  07:00   14.3      5    260    1023.3 
69147  11/09/2004  08:00   14.9      8    210    1023.4 
69147  11/09/2004  09:00   16.2      8    170    1023.3 
69147  11/09/2004  10:00   16.5     11    130    1022.9 
69147  11/09/2004  11:00   17.2     11    100    1022.7 
69147  11/09/2004  12:00   16.4      9    120    1022.5 
69147  11/09/2004  13:00   18.1     13    110    1022.1 
69147  11/09/2004  14:00   17.6     13    100    1021.3 
69147  11/09/2004  15:00   17.0     13     90    1020.9 
69147  11/09/2004  16:00   16.6     11     70    1020.8 
69147  11/09/2004  17:00   16.4      9     60    1021.1 
69147  11/09/2004  18:00   16.3      8     80    1021.4 
69147  11/09/2004  19:00   16.6     13     60    1021.6 
69147  11/09/2004  20:00   15.1      8    340    1021.9 
69147  11/09/2004  21:00   14.6      5    280    1022.1 
69147  11/09/2004  22:00   14.9      4    240    1021.8 
69147  11/09/2004  23:00   14.5      0      0    1021.6 
69147  11/10/2004  00:00   14.3      5    260    1021.3 
69147  11/10/2004  01:00   14.1      0      0    1020.8 
69147  11/10/2004  02:00   13.9      5    230    1020.3 
69147  11/10/2004  03:00   13.9      2    280    1020.0 
69147  11/10/2004  04:00   13.8      0      0    1019.9 
69147  11/10/2004  05:00   13.6      8    200    1020.4 
69147  11/10/2004  06:00   14.1      4    200    1020.6 
69147  11/10/2004  07:00   14.9      0      0    1021.1 
69147  11/10/2004  08:00   16.7      2    190    1021.3 
69147  11/10/2004  09:00   17.6      9    100    1021.0 
69147  11/10/2004  10:00   17.6     13     80    1020.8 
69147  11/10/2004  11:00   19.1     15     40    1020.0 
69147  11/10/2004  12:00   19.9     21     40    1019.1 
69147  11/10/2004  13:00   19.8     22     40    1018.2 
69147  11/10/2004  14:00   19.6     22     40    1017.5 
69147  11/10/2004  15:00   19.2     22     40    1017.4 
69147  11/10/2004  16:00   18.3     24     30    1017.0 
69147  11/10/2004  17:00   18.0     24     30    1016.8 
69147  11/10/2004  18:00   17.7     21     30    1017.1 
69147  11/10/2004  19:00   17.3     15     20    1017.3 
69147  11/10/2004  20:00   17.2     15     20    1017.6 
69147  11/10/2004  21:00   17.2     13     10    1017.9 
69147  11/10/2004  22:00   16.9     13    360    1017.6 
69147  11/10/2004  23:00   16.1      9    360    1017.2 