69147	9/1/2003	0:00	9.2	22	240	1013.4
69147	9/1/2003	1:00	8.7	13	220	1014.1
69147	9/1/2003	2:00	8.4	13	240	1014.4
69147	9/1/2003	3:00	8.5	21	240	1014.5
69147	9/1/2003	4:00	8.2	13	270	1015.5
69147	9/1/2003	5:00	8.2	17	230	1016.6
69147	9/1/2003	6:00	7.8	15	240	1017.6
69147	9/1/2003	7:00	7.9	11	270	1018.4
69147	9/1/2003	8:00	9.8	17	250	1019.0
69147	9/1/2003	9:00	11.3	18	230	1019.7
69147	9/1/2003	11:00	13.1	24	190	1020.7
69147	9/1/2003	12:00	13.5	21	220	1020.4
69147	9/1/2003	13:00	14.5	17	200	1020.0
69147	9/1/2003	14:00	14.1	13	230	1019.8
69147	9/1/2003	15:00	15.0	15	210	1019.5
69147	9/1/2003	16:00	14.8	13	210	1019.8
69147	9/1/2003	17:00	13.3	15	180	1020.4
69147	9/1/2003	18:00	10.7	13	210	1021.4
69147	9/1/2003	19:00	8.9	13	210	1021.9
69147	9/1/2003	20:00	8.2	17	210	1022.6
69147	9/1/2003	21:00	6.0	9	220	1023.3
69147	9/1/2003	22:00	4.1	5	270	1023.5
69147	9/1/2003	23:00	2.2	5	230	1023.4
69147	9/2/2003	0:00	1.9	4	220	1023.4
69147	9/2/2003	1:00	1.2	4	210	1023.2
69147	9/2/2003	2:00	1.8	9	210	1022.9
69147	9/2/2003	3:00	0.7	8	210	1022.7
69147	9/2/2003	4:00	1.3	9	210	1022.6
69147	9/2/2003	5:00	0.9	9	210	1022.7
69147	9/2/2003	6:00	0.8	9	230	1022.5
69147	9/2/2003	7:00	2.5	4	270	1022.8
69147	9/2/2003	8:00	7.0	9	250	1022.7
69147	9/2/2003	9:00	11.3	9	310	1022.2
69147	9/2/2003	10:00	14.1	5	360	1021.9
69147	9/2/2003	11:00	15.2	15	40	1020.9
69147	9/2/2003	12:00	15.3	18	50	1019.8
69147	9/2/2003	13:00	15.4	17	50	1018.7
69147	9/2/2003	14:00	15.3	15	60	1017.8
69147	9/2/2003	15:00	15.2	15	40	1017.2
69147	9/2/2003	16:00	14.1	11	40	1016.9
69147	9/2/2003	17:00	14.1	8	40	1017.0
69147	9/2/2003	18:00	9.8	5	240	1017.9
69147	9/2/2003	19:00	9.1	5	290	1018.5
69147	9/2/2003	20:00	7.9	11	320	1018.5
69147	9/2/2003	21:00	5.6	5	230	1018.3
69147	9/2/2003	22:00	5.3	2	250	1018.3
69147	9/2/2003	23:00	4.2	5	220	1018.6
69147	9/3/2003	0:00	2.4	0	0	1017.6
69147	9/3/2003	2:00	10.6	13	280	1016.8
69147	9/3/2003	3:00	8.7	13	300	1015.9
69147	9/3/2003	4:00	7.9	11	300	1016.0
69147	9/3/2003	5:00	7.1	9	270	1016.4
69147	9/3/2003	6:00	7.3	15	310	1016.6
69147	9/3/2003	7:00	10.2	15	310	1017.0
69147	9/3/2003	8:00	13.4	11	230	1017.9
69147	9/3/2003	17:00	14.5	26	240	1022.0
69147	9/3/2003	18:00	13.3	26	240	1023.6
69147	9/3/2003	21:00	11.7	18	240	1026.2
69147	9/3/2003	22:00	11.5	17	230	1026.8
69147	9/3/2003	23:00	10.9	17	220	1027.2
69147	9/4/2003	0:00	8.6	4	270	1027.6
69147	9/4/2003	1:00	9.4	13	250	1027.5
69147	9/4/2003	2:00	7.9	9	260	1027.1
69147	9/4/2003	3:00	4.0	0	0	1026.8
69147	9/4/2003	4:00	6.9	11	300	1026.7
69147	9/4/2003	5:00	4.0	8	270	1026.9
69147	9/4/2003	6:00	3.9	15	320	1027.3
69147	9/4/2003	7:00	4.7	11	320	1027.7
69147	9/4/2003	8:00	8.2	8	330	1027.7
69147	9/4/2003	9:00	12.2	4	90	1027.4
69147	9/4/2003	10:00	13.9	9	80	1026.9
69147	9/4/2003	11:00	15.8	15	60	1026.1
69147	9/4/2003	12:00	15.7	21	60	1024.9
69147	9/4/2003	13:00	17.1	18	50	1023.6
69147	9/4/2003	14:00	17.5	21	30	1022.5
69147	9/4/2003	15:00	17.1	22	30	1021.7
69147	9/4/2003	16:00	16.9	17	30	1021.1
69147	9/4/2003	17:00	15.6	9	40	1020.8
69147	9/4/2003	18:00	11.8	0	0	1020.7
69147	9/4/2003	19:00	8.0	8	290	1020.6
69147	9/4/2003	20:00	5.6	8	300	1020.3
69147	9/4/2003	21:00	4.3	0	0	1019.9
69147	9/4/2003	22:00	3.8	5	260	1019.9
69147	9/4/2003	23:00	4.2	11	210	1019.1
69147	9/5/2003	0:00	2.8	8	190	1018.3
69147	9/5/2003	1:00	2.4	9	210	1017.6
69147	9/5/2003	2:00	1.5	8	220	1016.1
69147	9/5/2003	3:00	1.6	11	200	1015.4
69147	9/5/2003	4:00	0.2	2	230	1015.4
69147	9/5/2003	5:00	0.4	8	220	1015.3
69147	9/5/2003	6:00	1.5	11	200	1015.3
69147	9/5/2003	7:00	3.4	9	220	1014.9
69147	9/5/2003	8:00	7.4	5	220	1015.2
69147	9/5/2003	9:00	9.4	4	240	1014.5
69147	9/5/2003	11:00	17.7	8	110	1013.5
69147	9/5/2003	12:00	17.4	15	90	1012.0
69147	9/5/2003	13:00	18.0	15	90	1011.5
69147	9/5/2003	14:00	23.3	30	290	1011.2
69147	9/5/2003	16:00	15.4	17	130	1012.4
69147	9/5/2003	17:00	15.7	8	170	1013.8
69147	9/5/2003	18:00	14.4	24	190	1015.2
69147	9/5/2003	19:00	13.0	17	200	1016.5
69147	9/5/2003	20:00	12.9	21	220	1017.3
69147	9/5/2003	21:00	12.2	21	210	1018.3
69147	9/5/2003	22:00	11.6	17	190	1018.8
69147	9/5/2003	23:00	10.7	13	180	1018.8
69147	9/6/2003	0:00	8.5	9	330	1019.5
69147	9/6/2003	1:00	7.0	5	290	1019.7
69147	9/6/2003	2:00	6.9	8	310	1019.8
69147	9/6/2003	3:00	5.2	4	260	1019.8
69147	9/6/2003	4:00	4.8	5	260	1019.9
69147	9/6/2003	5:00	3.3	0	0	1019.9
69147	9/6/2003	6:00	4.3	5	210	1019.9
69147	9/6/2003	7:00	6.3	0	0	1020.4
69147	9/6/2003	8:00	7.6	5	210	1020.6
69147	9/6/2003	9:00	10.3	0	0	1020.5
69147	9/6/2003	10:00	12.5	0	0	1019.9
69147	9/6/2003	11:00	13.9	8	110	1019.6
69147	9/6/2003	12:00	13.9	13	80	1018.7
69147	9/6/2003	13:00	13.8	15	90	1018.0
69147	9/6/2003	14:00	14.0	11	80	1017.8
69147	9/6/2003	15:00	13.4	11	120	1018.0
69147	9/6/2003	16:00	12.8	8	130	1018.1
69147	9/6/2003	17:00	11.9	9	200	1018.5
69147	9/6/2003	18:00	10.8	5	250	1019.4
69147	9/6/2003	19:00	10.5	8	280	1020.1
69147	9/6/2003	20:00	10.1	8	270	1020.5
69147	9/6/2003	21:00	10.5	11	310	1020.6
69147	9/6/2003	22:00	11.0	11	250	1020.6
69147	9/6/2003	23:00	8.0	0	0	1020.8
69147	9/7/2003	0:00	7.0	8	200	1020.8
69147	9/7/2003	1:00	5.1	0	0	1021.1
69147	9/7/2003	2:00	4.4	8	200	1020.6
69147	9/7/2003	3:00	5.7	11	270	1020.4
69147	9/7/2003	4:00	4.4	4	270	1020.7
69147	9/7/2003	5:00	3.8	2	340	1021.1
69147	9/7/2003	6:00	3.7	4	310	1021.8
69147	9/7/2003	7:00	4.1	4	200	1022.4
69147	9/7/2003	8:00	11.0	8	280	1022.8
69147	9/7/2003	9:00	13.7	9	310	1022.8
69147	9/7/2003	10:00	15.1	18	220	1022.6
69147	9/7/2003	11:00	16.4	21	210	1022.4
69147	9/7/2003	12:00	18.0	21	220	1021.9
69147	9/7/2003	13:00	17.8	21	220	1021.4
69147	9/7/2003	14:00	17.6	24	210	1021.5
69147	9/7/2003	15:00	17.3	22	220	1021.6
69147	9/7/2003	16:00	16.3	22	190	1022.1
69147	9/7/2003	17:00	14.6	22	200	1023.0
69147	9/7/2003	18:00	12.7	17	180	1024.2
69147	9/7/2003	19:00	12.0	18	180	1025.3
69147	9/7/2003	20:00	11.9	21	190	1026.5
69147	9/7/2003	21:00	11.5	18	200	1027.2
69147	9/7/2003	22:00	10.6	21	240	1027.7
69147	9/7/2003	23:00	9.8	13	210	1027.5
69147	9/8/2003	0:00	8.7	5	170	1027.7
69147	9/8/2003	1:00	7.6	9	280	1027.6
69147	9/8/2003	2:00	6.3	8	230	1027.5
69147	9/8/2003	3:00	8.6	13	240	1027.1
69147	9/8/2003	4:00	7.4	11	240	1027.1
69147	9/8/2003	5:00	6.2	9	240	1027.3
69147	9/8/2003	6:00	6.8	11	250	1028.1
69147	9/8/2003	7:00	7.2	11	230	1028.2
69147	9/8/2003	8:00	10.2	15	260	1028.9
69147	9/8/2003	9:00	12.9	11	240	1028.9
69147	9/8/2003	10:00	13.0	21	210	1028.8
69147	9/8/2003	11:00	14.1	18	170	1028.7
69147	9/8/2003	12:00	15.3	11	210	1027.8
69147	9/8/2003	13:00	15.5	13	160	1026.9
69147	9/8/2003	14:00	15.3	17	130	1026.3
69147	9/8/2003	15:00	14.4	22	130	1026.2
69147	9/8/2003	16:00	13.6	22	150	1025.9
69147	9/8/2003	17:00	12.6	21	140	1025.9
69147	9/8/2003	18:00	11.0	13	180	1026.3
69147	9/8/2003	19:00	9.0	9	240	1026.5
69147	9/8/2003	20:00	7.6	11	310	1026.4
69147	9/8/2003	21:00	7.0	9	300	1026.4
69147	9/8/2003	22:00	4.1	8	210	1026.2
69147	9/8/2003	23:00	3.3	8	230	1026.1
69147	9/9/2003	0:00	3.6	9	220	1025.6
69147	9/9/2003	1:00	3.7	8	220	1025.2
69147	9/9/2003	2:00	3.5	8	220	1024.8
69147	9/9/2003	3:00	3.2	8	230	1024.5
69147	9/9/2003	4:00	2.5	9	210	1023.9
69147	9/9/2003	5:00	2.6	9	210	1023.3
69147	9/9/2003	6:00	1.7	5	250	1023.7
69147	9/9/2003	7:00	6.1	13	280	1023.6
69147	9/9/2003	8:00	8.2	5	220	1023.7
69147	9/9/2003	9:00	11.9	5	290	1023.2
69147	9/9/2003	10:00	13.0	8	310	1022.4
69147	9/9/2003	11:00	14.6	11	90	1021.4
69147	9/9/2003	12:00	14.4	15	80	1020.4
69147	9/9/2003	13:00	13.8	13	80	1019.1
69147	9/9/2003	14:00	13.5	13	70	1018.3
69147	9/9/2003	15:00	13.5	13	60	1017.2
69147	9/9/2003	16:00	12.8	9	50	1017.2
69147	9/9/2003	17:00	12.5	9	70	1016.7
69147	9/9/2003	18:00	11.7	2	70	1016.8
69147	9/9/2003	19:00	10.9	0	0	1016.7
69147	9/9/2003	20:00	10.0	11	300	1017.1
69147	9/9/2003	21:00	9.8	13	310	1017.0
69147	9/9/2003	22:00	8.9	2	310	1016.6
69147	9/9/2003	23:00	8.0	0	0	1016.3
69147	9/10/2003	0:00	8.6	8	210	1015.7
69147	9/10/2003	1:00	9.1	5	250	1015.2
69147	9/10/2003	2:00	9.1	4	220	1014.7
69147	9/10/2003	3:00	8.7	4	210	1014.0
69147	9/10/2003	4:00	7.9	5	220	1013.8
69147	9/10/2003	5:00	6.7	0	0	1013.6
69147	9/10/2003	6:00	8.6	11	300	1013.5
69147	9/10/2003	7:00	10.2	13	310	1013.5
69147	9/10/2003	8:00	11.5	11	310	1013.6
69147	9/10/2003	9:00	13.9	9	310	1013.2
69147	9/10/2003	10:00	15.6	13	20	1013.0
69147	9/10/2003	11:00	16.5	17	60	1012.5
69147	9/10/2003	12:00	16.9	18	40	1012.0
69147	9/10/2003	13:00	17.9	18	50	1011.3
69147	9/10/2003	14:00	17.2	17	40	1011.4
69147	9/10/2003	15:00	15.4	17	40	1011.6
69147	9/10/2003	16:00	15.7	11	50	1011.8
69147	9/10/2003	17:00	14.9	11	40	1012.0
69147	9/10/2003	18:00	13.4	0	0	1012.4
69147	9/10/2003	19:00	12.7	4	240	1013.1
69147	9/10/2003	20:00	13.2	2	230	1013.9
69147	9/10/2003	21:00	12.7	9	310	1013.7
69147	9/10/2003	22:00	12.3	0	0	1013.9
69147	9/10/2003	23:00	12.1	8	260	1013.7
69147	9/11/2003	0:00	12.4	8	310	1013.2
69147	9/11/2003	1:00	11.7	0	0	1012.6
69147	9/11/2003	2:00	11.5	9	280	1012.3
69147	9/11/2003	3:00	10.8	5	270	1012.2
69147	9/11/2003	4:00	10.5	0	0	1012.5
69147	9/11/2003	5:00	10.0	4	310	1012.5
69147	9/11/2003	6:00	10.2	5	330	1012.3
69147	9/11/2003	7:00	10.0	0	0	1012.5
69147	9/11/2003	8:00	12.9	9	320	1012.4
69147	9/11/2003	9:00	15.4	2	130	1012.4
69147	9/11/2003	10:00	15.8	13	100	1012.2
69147	9/11/2003	11:00	15.7	13	70	1012.0
69147	9/11/2003	12:00	16.1	13	70	1011.6
69147	9/11/2003	14:00	15.9	18	130	1010.7
69147	9/11/2003	15:00	14.9	18	140	1010.7
69147	9/11/2003	16:00	14.1	15	130	1011.2
69147	9/11/2003	17:00	13.8	11	140	1011.4
69147	9/11/2003	18:00	13.4	8	120	1011.6
69147	9/11/2003	19:00	13.3	8	100	1012.3
69147	9/11/2003	20:00	13.2	8	90	1012.2
69147	9/11/2003	21:00	13.3	9	80	1012.6
69147	9/11/2003	22:00	13.3	5	110	1012.4
69147	9/11/2003	23:00	12.2	2	260	1011.8
69147	9/12/2003	0:00	11.8	5	220	1011.2
69147	9/12/2003	1:00	11.6	9	230	1010.5
69147	9/12/2003	2:00	11.0	0	0	1009.1
69147	9/12/2003	3:00	11.1	0	0	1008.5
69147	9/12/2003	4:00	11.3	8	210	1007.8
69147	9/12/2003	5:00	11.1	9	320	1007.3
69147	9/12/2003	6:00	9.6	8	230	1007.2
69147	9/12/2003	7:00	11.1	8	290	1006.6
69147	9/12/2003	8:00	13.4	9	310	1006.4
69147	9/12/2003	9:00	16.2	9	310	1006.0
69147	9/12/2003	10:00	18.8	13	310	1005.0
69147	9/12/2003	11:00	19.6	9	80	1004.0
69147	9/12/2003	12:00	20.9	13	50	1003.0
69147	9/12/2003	13:00	19.6	15	40	1001.8
69147	9/12/2003	14:00	18.7	13	290	1002.2
69147	9/12/2003	15:00	17.6	22	150	1001.9
69147	9/12/2003	16:00	15.2	22	160	1002.5
69147	9/12/2003	17:00	15.3	13	160	1002.8
69147	9/12/2003	18:00	13.3	17	180	1003.8
69147	9/12/2003	19:00	12.8	11	190	1004.6
69147	9/12/2003	20:00	12.7	11	180	1005.2
69147	9/12/2003	21:00	12.3	15	200	1005.8
69147	9/12/2003	22:00	11.9	15	200	1006.0
69147	9/12/2003	23:00	9.0	5	210	1006.2
69147	9/13/2003	0:00	7.5	0	0	1006.3
69147	9/13/2003	1:00	9.0	5	240	1006.4
69147	9/13/2003	2:00	6.5	2	260	1006.0
69147	9/13/2003	3:00	6.0	5	250	1005.7
69147	9/13/2003	4:00	7.4	5	230	1005.7
69147	9/13/2003	5:00	8.3	8	300	1005.9
69147	9/13/2003	6:00	7.9	5	180	1006.1
69147	9/13/2003	7:00	8.9	5	210	1006.2
69147	9/13/2003	8:00	12.2	5	330	1006.2
69147	9/13/2003	9:00	14.5	5	100	1005.6
69147	9/13/2003	10:00	15.7	9	70	1004.8
69147	9/13/2003	11:00	16.5	15	60	1003.6
69147	9/13/2003	12:00	17.7	15	30	1002.8
69147	9/13/2003	13:00	16.9	24	40	1001.5
69147	9/13/2003	14:00	17.1	26	30	1000.4
69147	9/13/2003	15:00	17.5	21	20	999.6
69147	9/13/2003	16:00	16.4	22	20	999.3
69147	9/13/2003	17:00	16.2	15	20	999.5
69147	9/13/2003	18:00	12.8	0	0	999.6
69147	9/13/2003	19:00	12.9	9	300	999.4
69147	9/13/2003	20:00	12.9	13	310	999.5
69147	9/13/2003	21:00	12.5	9	320	999.1
69147	9/13/2003	22:00	10.9	9	330	999.0
69147	9/13/2003	23:00	10.1	9	320	998.4
69147	9/14/2003	0:00	10.0	5	250	998.2
69147	9/14/2003	1:00	11.6	5	320	998.2
69147	9/14/2003	2:00	10.6	18	210	997.7
69147	9/14/2003	3:00	10.5	13	160	997.4
69147	9/14/2003	4:00	8.3	5	190	996.7
69147	9/14/2003	5:00	7.1	5	110	996.5
69147	9/14/2003	6:00	10.2	18	270	996.6
69147	9/14/2003	7:00	11.7	11	280	996.4
69147	9/14/2003	8:00	14.0	9	70	996.1
69147	9/14/2003	9:00	16.1	18	300	995.3
69147	9/14/2003	11:00	18.4	31	300	993.3
69147	9/14/2003	12:00	18.6	30	310	992.5
69147	9/14/2003	16:00	15.7	22	280	991.7
69147	9/14/2003	18:00	11.4	17	250	994.4
69147	9/14/2003	19:00	11.1	15	240	995.7
69147	9/14/2003	20:00	10.0	11	260	996.3
69147	9/14/2003	21:00	7.2	8	280	996.5
69147	9/14/2003	22:00	6.5	9	330	996.6
69147	9/14/2003	23:00	2.9	0	0	996.2
69147	9/15/2003	0:00	4.5	9	310	996.3
69147	9/15/2003	1:00	6.0	5	250	996.3
69147	9/15/2003	2:00	4.8	4	330	995.6
69147	9/15/2003	3:00	1.6	2	220	995.3
69147	9/15/2003	4:00	2.4	2	300	995.2
69147	9/15/2003	5:00	0.8	0	0	995.5
69147	9/15/2003	6:00	1.4	2	230	995.9
69147	9/15/2003	7:00	5.3	9	330	996.2
69147	9/15/2003	8:00	11.6	5	70	996.1
69147	9/15/2003	9:00	14.6	15	290	996.0
69147	9/15/2003	10:00	16.3	26	300	995.3
69147	9/15/2003	11:00	17.5	21	280	994.9
69147	9/15/2003	16:00	17.7	24	260	994.9
69147	9/15/2003	17:00	17.1	22	250	996.1
69147	9/15/2003	18:00	13.9	9	230	997.1
69147	9/15/2003	19:00	11.0	8	210	998.1
69147	9/15/2003	20:00	9.6	8	250	999.0
69147	9/15/2003	21:00	8.2	4	220	999.3
69147	9/15/2003	22:00	9.2	9	270	999.4
69147	9/15/2003	23:00	7.4	9	300	999.4
69147	9/16/2003	0:00	6.7	8	300	998.9
69147	9/16/2003	1:00	7.9	8	320	998.7
69147	9/16/2003	2:00	8.0	15	320	998.1
69147	9/16/2003	3:00	4.9	5	240	998.1
69147	9/16/2003	4:00	6.5	13	330	998.0
69147	9/16/2003	5:00	6.5	11	320	998.0
69147	9/16/2003	6:00	3.5	4	260	998.5
69147	9/16/2003	7:00	7.4	9	310	998.9
69147	9/16/2003	8:00	12.1	0	0	998.8
69147	9/16/2003	9:00	15.5	8	310	998.3
69147	9/16/2003	10:00	17.6	18	270	997.9
69147	9/16/2003	11:00	19.1	18	280	997.4
69147	9/16/2003	12:00	19.1	24	270	996.8
69147	9/16/2003	13:00	18.3	26	300	996.2
69147	9/16/2003	15:00	19.2	17	270	996.3
69147	9/16/2003	16:00	20.0	15	290	995.7
69147	9/16/2003	17:00	19.2	11	270	997.3
69147	9/16/2003	18:00	17.5	15	280	998.8
69147	9/16/2003	19:00	16.4	15	280	1000.3
69147	9/16/2003	20:00	15.4	11	290	1001.2
69147	9/16/2003	21:00	15.9	9	240	1002.1
69147	9/16/2003	22:00	11.6	2	110	1002.5
69147	9/16/2003	23:00	9.2	5	310	1003.0
69147	9/17/2003	0:00	7.2	2	300	1002.9
69147	9/17/2003	1:00	6.8	5	210	1002.7
69147	9/17/2003	2:00	5.7	4	210	1002.0
69147	9/17/2003	3:00	6.6	9	320	1002.2
69147	9/17/2003	4:00	5.4	8	230	1001.9
69147	9/17/2003	5:00	5.2	5	210	1001.8
69147	9/17/2003	6:00	5.9	11	310	1002.2
69147	9/17/2003	7:00	8.5	4	260	1002.2
69147	9/17/2003	10:00	20.8	8	50	1000.8
69147	9/17/2003	17:00	21.5	24	280	998.6
69147	9/17/2003	19:00	18.1	24	290	1000.8
69147	9/17/2003	20:00	17.6	18	290	1001.1
69147	9/17/2003	21:00	13.5	9	330	1001.1
69147	9/17/2003	22:00	12.0	11	330	1000.9
69147	9/17/2003	23:00	10.8	9	320	1001.0
69147	9/18/2003	0:00	8.1	4	330	1001.4
69147	9/18/2003	1:00	8.8	5	320	1001.4
69147	9/18/2003	2:00	15.8	15	280	1001.2
69147	9/18/2003	3:00	14.8	11	280	1001.6
69147	9/18/2003	4:00	14.3	11	310	1001.7
69147	9/18/2003	5:00	12.2	11	320	1002.6
69147	9/18/2003	6:00	13.2	4	140	1004.1
69147	9/18/2003	7:00	13.2	2	220	1005.7
69147	9/18/2003	8:00	14.0	15	180	1006.9
69147	9/18/2003	9:00	13.0	31	190	1008.0
69147	9/18/2003	10:00	14.6	21	200	1008.4
69147	9/18/2003	11:00	15.0	18	170	1008.7
69147	9/18/2003	12:00	16.2	17	150	1008.4
69147	9/18/2003	13:00	15.6	21	130	1008.2
69147	9/18/2003	14:00	15.2	17	130	1008.4
69147	9/18/2003	15:00	14.0	22	120	1008.9
69147	9/18/2003	16:00	13.6	18	130	1009.7
69147	9/18/2003	17:00	13.6	15	130	1010.5
69147	9/18/2003	18:00	13.4	11	90	1011.6
69147	9/18/2003	19:00	13.3	5	80	1012.5
69147	9/18/2003	20:00	13.2	5	40	1013.2
69147	9/18/2003	21:00	13.1	9	50	1013.2
69147	9/18/2003	22:00	12.9	5	30	1013.3
69147	9/18/2003	23:00	12.7	2	10	1013.1
69147	9/19/2003	0:00	10.0	5	340	1012.8
69147	9/19/2003	1:00	8.0	5	290	1012.2
69147	9/19/2003	2:00	6.5	5	280	1011.6
69147	9/19/2003	3:00	5.7	8	200	1010.4
69147	9/19/2003	4:00	6.3	9	200	1009.6
69147	9/19/2003	5:00	6.0	11	210	1009.5
69147	9/19/2003	6:00	4.7	5	190	1009.1
69147	9/19/2003	7:00	7.5	5	220	1008.9
69147	9/19/2003	8:00	10.6	8	210	1008.9
69147	9/19/2003	9:00	15.0	9	60	1007.0
69147	9/19/2003	11:00	20.0	18	30	1003.3
69147	9/19/2003	17:00	17.4	24	280	1004.1
69147	9/19/2003	18:00	16.0	11	250	1005.7
69147	9/19/2003	20:00	10.8	8	250	1009.3
69147	9/19/2003	22:00	13.2	13	210	1012.6
69147	9/19/2003	23:00	13.2	17	220	1013.8
69147	9/20/2003	0:00	13.0	21	220	1014.7
69147	9/20/2003	1:00	12.9	24	240	1015.3
69147	9/20/2003	2:00	12.4	17	230	1015.7
69147	9/20/2003	3:00	11.5	13	220	1016.7
69147	9/20/2003	4:00	9.6	11	210	1017.4
69147	9/20/2003	5:00	5.7	0	0	1018.8
69147	9/20/2003	6:00	6.9	11	230	1020.2
69147	9/20/2003	7:00	8.6	8	350	1021.2
69147	9/20/2003	8:00	12.5	8	330	1021.8
69147	9/20/2003	9:00	14.0	15	200	1022.1
69147	9/20/2003	10:00	15.1	11	230	1021.9
69147	9/20/2003	11:00	16.3	9	60	1021.6
69147	9/20/2003	12:00	16.0	17	60	1021.4
69147	9/20/2003	13:00	15.7	17	70	1021.1
69147	9/20/2003	14:00	16.1	15	70	1020.7
69147	9/20/2003	15:00	16.2	15	70	1020.5
69147	9/20/2003	16:00	15.2	17	60	1020.7
69147	9/20/2003	17:00	14.3	17	40	1020.7
69147	9/20/2003	18:00	13.1	11	20	1020.8
69147	9/20/2003	19:00	12.4	11	360	1021.0
69147	9/20/2003	20:00	12.2	17	360	1021.2
69147	9/20/2003	21:00	11.4	11	360	1021.1
69147	9/20/2003	22:00	10.7	9	350	1020.6
69147	9/20/2003	23:00	8.0	13	310	1020.0
69147	9/21/2003	0:00	7.4	8	290	1019.3
69147	9/21/2003	1:00	6.4	2	290	1018.6
69147	9/21/2003	2:00	6.0	8	300	1017.2
69147	9/21/2003	3:00	4.6	4	250	1016.1
69147	9/21/2003	4:00	3.2	8	270	1015.5
69147	9/21/2003	5:00	3.5	8	220	1014.9
69147	9/21/2003	6:00	4.1	9	210	1014.5
69147	9/21/2003	7:00	6.4	5	190	1014.6
69147	9/21/2003	8:00	8.8	0	0	1014.6
69147	9/21/2003	9:00	9.0	0	0	1014.6
69147	9/21/2003	10:00	11.4	8	300	1013.1
69147	9/21/2003	11:00	14.3	8	90	1011.2
69147	9/21/2003	12:00	18.5	17	40	1009.3
69147	9/21/2003	13:00	20.5	24	40	1006.7
69147	9/21/2003	14:00	20.9	15	60	1005.4
69147	9/21/2003	15:00	20.5	13	170	1005.7
69147	9/21/2003	16:00	20.5	13	130	1006.7
69147	9/21/2003	19:00	16.3	18	180	1012.7
69147	9/21/2003	20:00	14.8	11	170	1013.8
69147	9/21/2003	21:00	12.2	8	170	1014.7
69147	9/21/2003	22:00	10.7	8	320	1014.8
69147	9/21/2003	23:00	9.5	8	310	1015.0
69147	9/22/2003	0:00	8.1	0	0	1014.7
69147	9/22/2003	1:00	7.9	5	240	1014.3
69147	9/22/2003	2:00	7.5	8	210	1013.5
69147	9/22/2003	3:00	6.2	0	0	1012.8
69147	9/22/2003	4:00	6.2	0	0	1012.4
69147	9/22/2003	5:00	5.9	0	0	1012.1
69147	9/22/2003	6:00	6.7	5	250	1011.8
69147	9/22/2003	7:00	9.7	0	0	1011.1
69147	9/22/2003	8:00	15.3	8	130	1010.3
69147	9/22/2003	9:00	18.6	8	60	1009.2
69147	9/22/2003	10:00	18.6	21	40	1008.2
69147	9/22/2003	14:00	19.4	11	40	1001.3
69147	9/22/2003	15:00	20.6	11	90	1001.0
69147	9/22/2003	16:00	20.8	8	120	1000.7
69147	9/22/2003	17:00	20.4	2	110	999.8
69147	9/22/2003	18:00	16.7	2	70	999.1
69147	9/22/2003	19:00	13.9	4	260	998.7
69147	9/22/2003	20:00	15.4	15	300	997.6
69147	9/22/2003	23:00	18.9	24	230	1003.1
69147	9/23/2003	0:00	17.7	5	200	1003.3
69147	9/23/2003	1:00	15.5	0	0	1003.7
69147	9/23/2003	2:00	13.7	5	160	1003.8
69147	9/23/2003	3:00	12.4	0	0	1004.0
69147	9/23/2003	4:00	11.5	2	190	1004.7
69147	9/23/2003	5:00	10.8	0	0	1006.1
69147	9/23/2003	6:00	12.2	2	330	1007.2
69147	9/23/2003	7:00	13.3	0	0	1008.1
69147	9/23/2003	8:00	14.9	5	130	1008.7
69147	9/23/2003	9:00	15.7	9	130	1008.9
69147	9/23/2003	10:00	16.0	11	70	1008.9
69147	9/23/2003	11:00	16.7	15	40	1008.2
69147	9/23/2003	12:00	16.6	21	40	1007.1
69147	9/23/2003	13:00	18.1	18	20	1005.9
69147	9/23/2003	14:00	17.9	21	30	1004.6
69147	9/23/2003	15:00	17.5	24	30	1004.1
69147	9/23/2003	16:00	18.4	18	40	1003.1
69147	9/23/2003	17:00	19.9	9	360	1002.6
69147	9/23/2003	18:00	18.2	17	350	1002.3
69147	9/23/2003	19:00	17.3	8	300	1002.5
69147	9/23/2003	20:00	17.7	9	170	1001.6
69147	9/23/2003	21:00	18.4	11	80	1001.4
69147	9/23/2003	22:00	21.5	13	340	1000.3
69147	9/23/2003	23:00	20.1	11	20	999.1
69147	9/24/2003	0:00	21.2	26	320	998.0
69147	9/24/2003	1:00	22.2	37	320	996.8
69147	9/24/2003	2:00	21.7	31	320	995.9
69147	9/24/2003	3:00	21.9	30	330	994.9
69147	9/24/2003	4:00	21.8	26	320	996.0
69147	9/24/2003	5:00	18.4	11	310	997.8
69147	9/24/2003	6:00	16.4	15	130	999.3
69147	9/24/2003	7:00	15.0	2	150	1000.7
69147	9/24/2003	8:00	18.0	0	0	1000.9
69147	9/24/2003	9:00	21.0	26	300	1001.1
69147	9/24/2003	17:00	19.8	21	300	1003.5
69147	9/24/2003	18:00	18.0	18	290	1004.1
69147	9/24/2003	19:00	16.4	13	350	1004.4
69147	9/24/2003	20:00	16.4	18	330	1004.8
69147	9/24/2003	21:00	13.6	11	340	1004.7
69147	9/24/2003	22:00	16.2	18	360	1003.9
69147	9/24/2003	23:00	16.6	15	20	1003.0
69147	9/25/2003	0:00	16.2	13	30	1002.3
69147	9/25/2003	1:00	17.6	15	360	1001.8
69147	9/25/2003	2:00	16.2	5	30	1000.6
69147	9/25/2003	4:00	19.8	28	290	999.8
69147	9/25/2003	17:00	23.7	24	280	1002.9
69147	9/25/2003	18:00	21.8	26	280	1004.4
69147	9/25/2003	19:00	20.6	17	290	1005.8
69147	9/25/2003	20:00	16.4	15	130	1006.7
69147	9/25/2003	21:00	15.3	8	160	1007.3
69147	9/25/2003	22:00	15.5	5	150	1007.5
69147	9/25/2003	23:00	11.9	0	0	1007.4
69147	9/26/2003	0:00	11.3	0	0	1007.1
69147	9/26/2003	1:00	11.9	8	290	1007.5
69147	9/26/2003	2:00	12.4	8	180	1007.6
69147	9/26/2003	3:00	9.5	5	180	1007.8
69147	9/26/2003	4:00	10.5	9	180	1008.0
69147	9/26/2003	5:00	8.3	4	200	1008.6
69147	9/26/2003	6:00	7.6	5	260	1009.3
69147	9/26/2003	7:00	9.9	2	270	1010.0
69147	9/26/2003	8:00	12.6	4	270	1010.3
69147	9/26/2003	9:00	14.6	9	90	1010.3
69147	9/26/2003	10:00	15.4	11	100	1009.9
69147	9/26/2003	11:00	16.6	15	80	1009.5
69147	9/26/2003	12:00	16.6	17	70	1009.5
69147	9/26/2003	13:00	17.0	21	60	1009.3
69147	9/26/2003	14:00	16.6	17	80	1009.4
69147	9/26/2003	15:00	15.2	15	110	1009.4
69147	9/26/2003	16:00	15.0	15	110	1010.0
69147	9/26/2003	17:00	14.7	9	70	1010.7
69147	9/26/2003	18:00	14.6	9	80	1011.3
69147	9/26/2003	19:00	14.3	4	20	1012.0
69147	9/26/2003	20:00	13.6	8	350	1012.3
69147	9/26/2003	21:00	12.9	5	90	1012.5
69147	9/26/2003	22:00	12.8	8	30	1012.2
69147	9/26/2003	23:00	11.4	8	300	1011.6
69147	9/27/2003	0:00	10.5	9	330	1011.0
69147	9/27/2003	1:00	8.8	5	240	1009.7
69147	9/27/2003	2:00	8.8	9	290	1008.4
69147	9/27/2003	3:00	8.7	2	230	1008.4
69147	9/27/2003	4:00	9.4	0	0	1007.9
69147	9/27/2003	5:00	8.3	11	240	1007.1
69147	9/27/2003	6:00	6.5	5	160	1007.2
69147	9/27/2003	7:00	9.0	13	210	1008.2
69147	9/27/2003	8:00	8.1	15	230	1009.7
69147	9/27/2003	9:00	9.0	13	230	1010.1
69147	9/27/2003	10:00	10.4	15	260	1009.8
69147	9/27/2003	11:00	12.6	15	230	1010.0
69147	9/27/2003	12:00	12.6	31	220	1010.8
69147	9/27/2003	16:00	12.2	21	240	1014.2
69147	9/27/2003	18:00	9.4	17	230	1016.7
69147	9/27/2003	19:00	9.8	21	240	1018.0
69147	9/27/2003	20:00	9.6	21	250	1019.2
69147	9/27/2003	21:00	9.4	17	240	1020.2
69147	9/27/2003	22:00	9.4	24	240	1020.9
69147	9/27/2003	23:00	9.1	18	250	1021.3
69147	9/28/2003	0:00	7.7	15	270	1021.4
69147	9/28/2003	1:00	7.4	15	280	1021.6
69147	9/28/2003	2:00	7.3	13	290	1021.4
69147	9/28/2003	3:00	7.1	9	300	1021.0
69147	9/28/2003	4:00	5.0	9	290	1021.0
69147	9/28/2003	5:00	4.4	8	220	1021.5
69147	9/28/2003	6:00	7.1	17	270	1021.9
69147	9/28/2003	7:00	8.0	13	270	1022.2
69147	9/28/2003	8:00	10.5	18	280	1022.4
69147	9/28/2003	9:00	12.4	15	260	1022.2
69147	9/28/2003	10:00	13.7	9	280	1021.7
69147	9/28/2003	11:00	14.9	5	280	1020.5
69147	9/28/2003	12:00	14.4	17	80	1019.6
69147	9/28/2003	13:00	14.3	18	70	1018.6
69147	9/28/2003	14:00	14.2	22	40	1017.2
69147	9/28/2003	15:00	14.2	21	30	1015.9
69147	9/28/2003	16:00	14.2	22	40	1014.9
69147	9/28/2003	17:00	13.2	18	20	1014.7
69147	9/28/2003	18:00	12.1	15	20	1013.9
69147	9/28/2003	19:00	11.0	9	350	1013.6
69147	9/28/2003	20:00	8.0	5	280	1013.5
69147	9/28/2003	21:00	7.3	11	320	1013.1
69147	9/28/2003	22:00	6.5	8	220	1012.8
69147	9/28/2003	23:00	9.0	11	320	1012.2
69147	9/29/2003	0:00	11.7	21	290	1011.5
69147	9/29/2003	1:00	12.4	13	330	1010.2
69147	9/29/2003	2:00	12.4	13	350	1008.3
69147	9/29/2003	3:00	12.6	17	310	1007.9
69147	9/29/2003	4:00	9.1	5	220	1008.0
69147	9/29/2003	5:00	7.1	9	300	1008.7
69147	9/29/2003	6:00	9.2	9	220	1009.6
69147	9/29/2003	8:00	10.2	30	230	1012.0
69147	9/29/2003	9:00	11.1	26	240	1012.1
69147	9/29/2003	11:00	12.3	13	230	1012.5
69147	9/29/2003	12:00	14.8	24	210	1012.2
69147	9/29/2003	13:00	16.1	24	250	1011.8
69147	9/29/2003	15:00	12.7	26	210	1013.0
69147	9/29/2003	16:00	12.6	26	220	1013.8
69147	9/29/2003	17:00	11.8	22	220	1014.7
69147	9/29/2003	18:00	10.4	17	230	1015.5
69147	9/29/2003	19:00	9.5	13	260	1016.4
69147	9/29/2003	20:00	8.9	15	260	1017.3
69147	9/29/2003	21:00	8.7	13	240	1017.8
69147	9/29/2003	22:00	8.4	11	280	1018.1
69147	9/29/2003	23:00	6.2	11	310	1018.4
69147	9/30/2003	0:00	6.3	9	280	1018.5
69147	9/30/2003	1:00	7.2	13	290	1018.5
69147	9/30/2003	2:00	7.6	13	290	1018.1
69147	9/30/2003	3:00	5.0	9	320	1018.0
69147	9/30/2003	4:00	2.4	5	260	1018.3
69147	9/30/2003	5:00	7.9	17	270	1018.7
69147	9/30/2003	6:00	8.1	15	280	1019.2
69147	9/30/2003	7:00	10.0	22	270	1019.2
69147	9/30/2003	8:00	12.0	17	270	1019.8
69147	9/30/2003	9:00	13.6	11	320	1019.8
69147	9/30/2003	10:00	14.6	11	200	1019.3
69147	9/30/2003	11:00	14.8	21	80	1018.8
69147	9/30/2003	12:00	15.2	17	70	1018.5
69147	9/30/2003	13:00	15.8	17	90	1018.2
69147	9/30/2003	14:00	15.2	17	100	1017.6
69147	9/30/2003	15:00	14.7	15	100	1017.5
69147	9/30/2003	16:00	14.0	13	100	1017.2
69147	9/30/2003	17:00	13.2	11	100	1017.7
69147	9/30/2003	18:00	12.9	9	90	1018.0
69147	9/30/2003	19:00	11.0	5	100	1018.3
69147	9/30/2003	20:00	10.2	11	320	1018.7
69147	9/30/2003	21:00	8.3	5	300	1018.9
69147	9/30/2003	22:00	7.3	5	290	1019.0
69147	9/30/2003	23:00	6.0	8	240	1018.0
69147	10/1/2003	0:00	5.9	5	250	1017.5
69147	10/1/2003	1:00	7.0	11	310	1016.7
69147	10/1/2003	2:00	6.3	9	310	1015.3
69147	10/1/2003	3:00	4.2	8	210	1014.9
69147	10/1/2003	4:00	3.6	2	350	1014.8
69147	10/1/2003	5:00	3.7	5	210	1013.9
69147	10/1/2003	6:00	4.8	8	220	1013.7
69147	10/1/2003	7:00	7.6	8	330	1013.2
69147	10/1/2003	8:00	10.9	9	320	1013.1
69147	10/1/2003	9:00	12.7	9	320	1012.1
69147	10/1/2003	11:00	15.7	11	30	1009.5
69147	10/1/2003	12:00	15.7	21	30	1007.8
69147	10/1/2003	13:00	15.3	18	30	1006.1
69147	10/1/2003	14:00	16.6	17	360	1005.0
69147	10/1/2003	15:00	16.4	13	360	1004.6
69147	10/1/2003	16:00	15.4	9	20	1004.1
69147	10/1/2003	17:00	14.7	9	330	1003.7
69147	10/1/2003	18:00	13.4	9	300	1003.4
69147	10/1/2003	19:00	12.8	8	290	1002.5
69147	10/1/2003	20:00	12.5	5	280	1002.3
69147	10/1/2003	21:00	12.3	5	250	1002.0
69147	10/1/2003	22:00	12.1	8	210	1000.6
69147	10/1/2003	23:00	12.0	0	0	999.6
69147	10/2/2003	0:00	12.0	2	210	998.4
69147	10/2/2003	1:00	11.7	4	240	997.6
69147	10/2/2003	2:00	11.3	2	250	995.8
69147	10/2/2003	3:00	11.4	0	0	995.6
69147	10/2/2003	4:00	11.5	8	240	995.1
69147	10/2/2003	5:00	11.4	2	160	995.1
69147	10/2/2003	6:00	11.1	0	0	995.5
69147	10/2/2003	7:00	12.1	0	0	995.4
69147	10/2/2003	8:00	13.5	0	0	995.4
69147	10/2/2003	9:00	15.3	13	230	995.6
69147	10/2/2003	10:00	17.2	21	240	995.5
69147	10/2/2003	11:00	16.8	21	250	995.0
69147	10/2/2003	12:00	17.7	18	210	995.0
69147	10/2/2003	14:00	14.9	22	200	996.1
69147	10/2/2003	15:00	14.2	26	180	996.9
69147	10/2/2003	16:00	12.9	18	200	998.0
69147	10/2/2003	17:00	12.7	21	210	999.4
69147	10/2/2003	18:00	11.9	15	180	1000.9
69147	10/2/2003	19:00	11.7	9	230	1002.0
69147	10/2/2003	20:00	11.9	17	220	1003.2
69147	10/2/2003	21:00	11.6	17	200	1004.2
69147	10/2/2003	22:00	11.4	17	210	1005.2
69147	10/2/2003	23:00	11.4	21	200	1005.8
69147	10/3/2003	0:00	11.3	24	190	1006.5
69147	10/3/2003	1:00	11.0	21	200	1006.8
69147	10/3/2003	2:00	10.5	22	200	1007.3
69147	10/3/2003	3:00	10.5	21	220	1007.7
69147	10/3/2003	4:00	10.4	17	230	1008.3
69147	10/3/2003	5:00	10.2	18	220	1009.1
69147	10/3/2003	6:00	10.5	17	230	1010.0
69147	10/3/2003	7:00	11.3	15	240	1010.7
69147	10/3/2003	8:00	12.2	18	220	1011.4
69147	10/3/2003	9:00	13.3	21	200	1012.1
69147	10/3/2003	10:00	13.5	22	180	1012.9
69147	10/3/2003	11:00	13.2	28	210	1013.1
69147	10/3/2003	12:00	14.3	18	200	1013.2
69147	10/3/2003	13:00	15.4	18	190	1013.1
69147	10/3/2003	14:00	14.9	21	160	1013.3
69147	10/3/2003	15:00	16.3	21	190	1013.6
69147	10/3/2003	16:00	15.7	18	200	1014.0
69147	10/3/2003	17:00	14.4	18	180	1014.9
69147	10/3/2003	18:00	12.5	13	180	1015.8
69147	10/3/2003	19:00	11.1	11	230	1017.0
69147	10/3/2003	20:00	9.0	9	210	1017.9
69147	10/3/2003	21:00	8.1	9	210	1018.3
69147	10/3/2003	22:00	7.3	13	200	1018.4
69147	10/3/2003	23:00	7.3	11	210	1018.6
69147	10/4/2003	0:00	6.4	8	300	1018.7
69147	10/4/2003	1:00	7.3	8	230	1018.5
69147	10/4/2003	2:00	7.6	5	240	1018.3
69147	10/4/2003	3:00	7.9	5	250	1018.3
69147	10/4/2003	4:00	7.9	9	210	1018.4
69147	10/4/2003	5:00	6.6	5	230	1019.0
69147	10/4/2003	6:00	7.7	8	210	1019.4
69147	10/4/2003	7:00	9.9	4	230	1019.8
69147	10/4/2003	8:00	13.3	2	190	1020.1
69147	10/4/2003	9:00	13.9	9	90	1020.3
69147	10/4/2003	10:00	15.1	11	90	1020.0
69147	10/4/2003	11:00	15.1	13	90	1019.6
69147	10/4/2003	12:00	15.7	15	90	1019.2
69147	10/4/2003	13:00	15.7	17	90	1019.0
69147	10/4/2003	14:00	15.9	15	70	1018.5
69147	10/4/2003	15:00	15.9	15	70	1018.5
69147	10/4/2003	16:00	15.4	13	60	1018.6
69147	10/4/2003	17:00	14.8	11	40	1018.9
69147	10/4/2003	18:00	13.3	11	50	1019.4
69147	10/4/2003	19:00	12.7	8	30	1019.8
69147	10/4/2003	20:00	10.8	8	320	1020.3
69147	10/4/2003	21:00	11.5	5	320	1020.5
69147	10/4/2003	22:00	11.7	0	0	1020.4
69147	10/4/2003	23:00	12.7	8	340	1020.3
69147	10/5/2003	0:00	12.9	9	350	1020.0
69147	10/5/2003	1:00	12.6	13	350	1019.6
69147	10/5/2003	2:00	12.0	9	310	1019.2
69147	10/5/2003	3:00	11.7	4	320	1018.9
69147	10/5/2003	4:00	10.1	0	0	1019.0
69147	10/5/2003	5:00	8.5	0	0	1019.2
69147	10/5/2003	6:00	8.8	0	0	1019.7
69147	10/5/2003	7:00	11.9	9	310	1019.8
69147	10/5/2003	8:00	15.9	9	350	1019.7
69147	10/5/2003	9:00	17.5	15	10	1019.6
69147	10/5/2003	10:00	16.4	22	40	1019.0
69147	10/5/2003	11:00	18.1	26	40	1018.2
69147	10/5/2003	12:00	17.7	30	40	1017.5
69147	10/5/2003	13:00	18.3	30	40	1016.7
69147	10/5/2003	14:00	18.1	28	30	1016.1
69147	10/5/2003	15:00	16.2	28	30	1016.0
69147	10/5/2003	16:00	15.0	21	30	1016.3
69147	10/5/2003	17:00	14.7	17	30	1016.3
69147	10/5/2003	18:00	14.8	0	0	1017.2
69147	10/5/2003	19:00	12.9	9	270	1017.8
69147	10/5/2003	20:00	12.4	11	210	1018.0
69147	10/5/2003	21:00	11.9	8	270	1018.0
69147	10/5/2003	22:00	12.0	9	300	1017.7
69147	10/5/2003	23:00	11.1	5	270	1017.4
69147	10/6/2003	0:00	10.7	11	270	1016.9
69147	10/6/2003	1:00	10.2	8	270	1016.5
69147	10/6/2003	2:00	8.8	8	290	1016.0
69147	10/6/2003	3:00	9.3	9	200	1016.1
69147	10/6/2003	4:00	9.4	9	210	1015.8
69147	10/6/2003	5:00	9.2	0	0	1015.9
69147	10/6/2003	6:00	8.0	5	200	1016.9
69147	10/6/2003	7:00	11.1	0	0	1017.6
69147	10/6/2003	8:00	13.1	4	190	1017.6
69147	10/6/2003	9:00	14.3	5	50	1018.1
69147	10/6/2003	10:00	16.7	21	170	1017.7
69147	10/6/2003	11:00	17.5	15	190	1017.2
69147	10/6/2003	12:00	17.5	15	170	1016.9
69147	10/6/2003	13:00	15.2	18	120	1016.6
69147	10/6/2003	14:00	15.0	24	130	1016.2
69147	10/6/2003	15:00	15.7	22	170	1015.9
69147	10/6/2003	16:00	14.5	21	130	1016.3
69147	10/6/2003	17:00	14.1	18	160	1017.0
69147	10/6/2003	18:00	13.7	15	170	1017.8
69147	10/6/2003	19:00	12.8	15	170	1018.7
69147	10/6/2003	20:00	12.3	15	160	1019.5
69147	10/6/2003	21:00	9.1	0	0	1019.7
69147	10/6/2003	22:00	8.0	4	200	1019.9
69147	10/6/2003	23:00	9.1	8	300	1019.6
69147	10/7/2003	0:00	7.0	0	0	1019.4
69147	10/7/2003	1:00	6.5	8	230	1019.1
69147	10/7/2003	2:00	4.4	0	0	1018.6
69147	10/7/2003	3:00	4.9	8	220	1018.4
69147	10/7/2003	4:00	4.5	8	200	1018.5
69147	10/7/2003	5:00	4.5	9	210	1018.9
69147	10/7/2003	6:00	4.6	8	220	1019.4
69147	10/7/2003	7:00	7.2	5	210	1019.8
69147	10/7/2003	8:00	12.1	5	270	1019.8
69147	10/7/2003	9:00	14.6	11	310	1019.3
69147	10/7/2003	10:00	15.7	8	10	1018.5
69147	10/7/2003	11:00	15.9	18	80	1017.7
69147	10/7/2003	12:00	16.4	15	80	1016.9
69147	10/7/2003	13:00	16.7	15	90	1016.3
69147	10/7/2003	14:00	16.1	15	110	1015.6
69147	10/7/2003	15:00	15.4	15	130	1015.0
69147	10/7/2003	16:00	14.8	15	130	1014.9
69147	10/7/2003	17:00	14.5	13	130	1015.2
69147	10/7/2003	18:00	13.2	9	120	1015.4
69147	10/7/2003	19:00	11.1	5	240	1016.0
69147	10/7/2003	20:00	10.7	13	310	1016.1
69147	10/7/2003	21:00	9.8	9	300	1016.0
69147	10/7/2003	22:00	9.0	5	250	1015.7
69147	10/7/2003	23:00	10.4	9	310	1015.2
69147	10/8/2003	0:00	10.7	9	300	1014.4
69147	10/8/2003	1:00	10.1	9	280	1013.8
69147	10/8/2003	2:00	8.5	8	290	1012.9
69147	10/8/2003	3:00	9.4	11	280	1012.3
69147	10/8/2003	4:00	9.9	13	290	1011.9
69147	10/8/2003	5:00	9.6	11	290	1012.2
69147	10/8/2003	6:00	10.5	11	300	1012.4
69147	10/8/2003	7:00	12.7	8	310	1012.8
69147	10/8/2003	8:00	15.0	8	320	1012.8
69147	10/8/2003	9:00	15.4	21	140	1013.2
69147	10/8/2003	10:00	16.5	18	130	1013.3
69147	10/8/2003	11:00	14.6	22	190	1013.8
69147	10/8/2003	12:00	16.1	26	210	1013.6
69147	10/8/2003	13:00	16.7	22	190	1013.6
69147	10/8/2003	14:00	15.3	24	200	1013.9
69147	10/8/2003	15:00	14.2	24	200	1014.5
69147	10/8/2003	16:00	13.6	22	210	1014.9
69147	10/8/2003	17:00	13.1	26	210	1015.7
69147	10/8/2003	18:00	12.4	22	200	1016.9
69147	10/8/2003	19:00	11.8	21	200	1017.8
69147	10/8/2003	20:00	11.4	15	200	1018.5
69147	10/8/2003	21:00	11.2	13	220	1019.1
69147	10/8/2003	22:00	11.0	13	210	1019.4
69147	10/8/2003	23:00	10.2	8	180	1019.5
69147	10/9/2003	0:00	10.6	18	220	1019.6
69147	10/9/2003	1:00	8.0	0	0	1019.6
69147	10/9/2003	2:00	7.1	5	240	1019.6
69147	10/9/2003	3:00	8.6	11	230	1019.4
69147	10/9/2003	4:00	6.1	8	260	1019.3
69147	10/9/2003	5:00	5.9	9	270	1019.5
69147	10/9/2003	6:00	7.1	15	290	1019.9
69147	10/9/2003	7:00	8.4	13	310	1020.3
69147	10/9/2003	8:00	10.6	4	280	1020.2
69147	10/9/2003	9:00	12.9	13	240	1020.1
69147	10/9/2003	10:00	13.9	13	230	1019.6
69147	10/9/2003	11:00	13.7	11	80	1018.8
69147	10/9/2003	12:00	13.1	17	60	1018.2
69147	10/9/2003	13:00	14.5	18	50	1017.6
69147	10/9/2003	14:00	14.6	17	50	1017.1
69147	10/9/2003	15:00	13.7	17	50	1016.9
69147	10/9/2003	16:00	13.3	13	60	1017.0
69147	10/9/2003	17:00	12.8	11	60	1017.0
69147	10/9/2003	18:00	11.2	9	40	1017.3
69147	10/9/2003	19:00	9.0	8	330	1017.5
69147	10/9/2003	20:00	9.8	2	310	1017.9
69147	10/9/2003	21:00	9.9	4	250	1017.4
69147	10/9/2003	22:00	7.7	8	290	1016.8
69147	10/9/2003	23:00	6.5	8	320	1015.8
69147	10/10/2003	0:00	4.4	0	0	1015.3
69147	10/10/2003	1:00	3.5	0	0	1014.6
69147	10/10/2003	2:00	4.0	9	310	1013.7
69147	10/10/2003	3:00	5.5	11	310	1012.8
69147	10/10/2003	8:00	9.1	18	260	1014.5
69147	10/10/2003	9:00	10.0	24	290	1014.6
69147	10/10/2003	10:00	10.9	18	270	1014.3
69147	10/10/2003	11:00	12.4	15	260	1013.7
69147	10/10/2003	12:00	14.5	11	160	1012.9
69147	10/10/2003	15:00	11.9	18	200	1013.9
69147	10/10/2003	16:00	13.4	26	230	1014.5
69147	10/10/2003	17:00	9.7	26	220	1016.7
69147	10/10/2003	18:00	8.2	18	230	1017.8
69147	10/10/2003	19:00	8.3	18	240	1019.5
69147	10/10/2003	20:00	7.9	18	230	1020.7
69147	10/10/2003	21:00	8.3	15	240	1021.4
69147	10/10/2003	22:00	8.3	17	230	1021.9
69147	10/10/2003	23:00	7.4	15	250	1022.1
69147	10/11/2003	0:00	7.6	15	210	1022.8
69147	10/11/2003	1:00	7.6	15	230	1022.2
69147	10/11/2003	2:00	7.6	17	230	1022.0
69147	10/11/2003	3:00	7.0	11	220	1022.1
69147	10/11/2003	4:00	7.1	13	230	1022.3
69147	10/11/2003	5:00	6.0	18	210	1023.4
69147	10/11/2003	6:00	5.9	15	190	1024.4
69147	10/11/2003	7:00	7.8	21	240	1024.4
69147	10/11/2003	8:00	9.7	21	230	1024.7
69147	10/11/2003	9:00	11.3	21	220	1025.3
69147	10/11/2003	11:00	11.4	24	210	1025.1
69147	10/11/2003	12:00	8.7	24	230	1025.3
69147	10/11/2003	13:00	11.5	26	220	1025.0
69147	10/11/2003	14:00	12.2	24	230	1024.8
69147	10/11/2003	15:00	10.4	28	210	1025.1
69147	10/11/2003	16:00	11.1	26	200	1025.3
69147	10/11/2003	17:00	10.5	24	210	1025.5
69147	10/11/2003	18:00	9.3	22	210	1025.6
69147	10/11/2003	19:00	8.4	11	240	1026.3
69147	10/11/2003	20:00	8.2	11	230	1026.8
69147	10/11/2003	21:00	7.2	9	270	1027.0
69147	10/11/2003	22:00	6.4	8	250	1026.7
69147	10/11/2003	23:00	7.6	17	280	1026.6
69147	10/12/2003	0:00	8.0	17	260	1026.3
69147	10/12/2003	1:00	7.5	15	270	1025.8
69147	10/12/2003	2:00	7.0	11	280	1025.3
69147	10/12/2003	3:00	7.9	18	280	1024.6
69147	10/12/2003	4:00	8.3	18	270	1024.3
69147	10/12/2003	5:00	9.2	13	260	1024.6
69147	10/12/2003	6:00	10.3	18	230	1024.9
69147	10/12/2003	7:00	12.1	18	230	1025.3
69147	10/12/2003	8:00	13.6	21	240	1025.6
69147	10/12/2003	9:00	14.4	21	240	1025.9
69147	10/12/2003	10:00	14.6	24	200	1026.2
69147	10/12/2003	11:00	15.3	22	210	1026.3
69147	10/12/2003	12:00	15.3	24	200	1026.0
69147	10/12/2003	13:00	15.8	22	190	1025.8
69147	10/12/2003	14:00	13.3	26	200	1025.6
69147	10/12/2003	15:00	15.6	21	180	1025.6
69147	10/12/2003	16:00	14.4	18	210	1026.1
69147	10/12/2003	17:00	14.2	18	190	1026.6
69147	10/12/2003	18:00	12.5	15	180	1027.2
69147	10/12/2003	19:00	12.1	13	200	1027.8
69147	10/12/2003	20:00	10.6	9	220	1028.2
69147	10/12/2003	21:00	8.3	8	220	1028.6
69147	10/12/2003	22:00	7.9	8	220	1028.7
69147	10/12/2003	23:00	6.1	5	230	1029.0
69147	10/13/2003	0:00	5.7	8	230	1028.9
69147	10/13/2003	1:00	6.3	9	220	1028.6
69147	10/13/2003	2:00	8.2	5	340	1028.5
69147	10/13/2003	3:00	9.3	5	290	1028.5
69147	10/13/2003	4:00	9.6	5	240	1028.7
69147	10/13/2003	5:00	10.2	8	120	1029.0
69147	10/13/2003	6:00	10.3	9	300	1029.2
69147	10/13/2003	7:00	12.3	13	270	1029.4
69147	10/13/2003	8:00	14.4	11	270	1029.7
69147	10/13/2003	9:00	15.6	11	200	1029.9
69147	10/13/2003	10:00	15.4	13	110	1030.0
69147	10/13/2003	11:00	15.4	13	100	1029.6
69147	10/13/2003	12:00	16.8	15	110	1029.0
69147	10/13/2003	13:00	16.4	17	90	1028.5
69147	10/13/2003	14:00	17.2	15	90	1028.1
69147	10/13/2003	15:00	16.9	13	90	1027.8
69147	10/13/2003	16:00	16.4	11	110	1028.1
69147	10/13/2003	17:00	15.6	9	100	1028.3
69147	10/13/2003	18:00	14.2	8	100	1028.6
69147	10/13/2003	19:00	11.1	0	0	1028.8
69147	10/13/2003	20:00	10.4	8	310	1029.2
69147	10/13/2003	21:00	9.7	4	260	1029.3
69147	10/13/2003	22:00	10.8	4	280	1029.2
69147	10/13/2003	23:00	9.7	0	0	1029.0
69147	10/14/2003	0:00	7.3	5	250	1028.6
69147	10/14/2003	1:00	6.5	0	0	1028.2
69147	10/14/2003	2:00	6.0	8	220	1027.7
69147	10/14/2003	3:00	5.4	0	0	1027.3
69147	10/14/2003	4:00	4.7	5	210	1026.9
69147	10/14/2003	5:00	4.9	5	200	1027.1
69147	10/14/2003	6:00	6.4	8	210	1027.3
69147	10/14/2003	7:00	9.7	0	0	1027.5
69147	10/14/2003	8:00	14.3	8	100	1027.4
69147	10/14/2003	9:00	17.2	13	20	1027.0
69147	10/14/2003	10:00	16.8	18	50	1026.5
69147	10/14/2003	11:00	17.4	24	50	1025.7
69147	10/14/2003	12:00	16.9	28	40	1024.9
69147	10/14/2003	13:00	17.4	28	40	1024.2
69147	10/14/2003	14:00	17.5	26	40	1023.5
69147	10/14/2003	15:00	17.2	26	40	1022.9
69147	10/14/2003	16:00	16.5	24	40	1022.6
69147	10/14/2003	17:00	15.9	22	40	1022.3
69147	10/14/2003	18:00	14.9	11	10	1022.3
69147	10/14/2003	19:00	14.1	11	20	1022.4
69147	10/14/2003	20:00	13.2	8	360	1022.6
69147	10/14/2003	21:00	13.5	13	350	1022.4
69147	10/14/2003	22:00	11.8	9	340	1022.3
69147	10/14/2003	23:00	9.0	0	0	1021.9
69147	10/15/2003	0:00	8.2	4	290	1021.5
69147	10/15/2003	1:00	7.5	5	300	1021.1
69147	10/15/2003	2:00	6.4	5	280	1020.3
69147	10/15/2003	3:00	6.2	0	0	1019.5
69147	10/15/2003	4:00	5.3	0	0	1019.1
69147	10/15/2003	5:00	6.0	8	210	1019.0
69147	10/15/2003	6:00	7.2	8	210	1019.0
69147	10/15/2003	7:00	10.2	4	190	1019.0
69147	10/15/2003	8:00	14.2	5	130	1018.8
69147	10/15/2003	9:00	17.0	8	100	1018.1
69147	10/15/2003	10:00	18.6	17	70	1017.0
69147	10/15/2003	11:00	21.3	21	40	1015.5
69147	10/15/2003	12:00	21.3	28	40	1014.4
69147	10/15/2003	13:00	19.9	28	30	1013.1
69147	10/15/2003	14:00	18.8	26	40	1013.2
69147	10/15/2003	15:00	19.1	11	40	1013.0
69147	10/15/2003	16:00	17.8	8	260	1013.0
69147	10/15/2003	17:00	17.9	2	230	1013.0
69147	10/15/2003	18:00	16.0	0	0	1013.3
69147	10/15/2003	19:00	15.6	9	220	1013.0
69147	10/15/2003	20:00	14.9	5	10	1012.8
69147	10/15/2003	21:00	15.7	5	360	1013.2
69147	10/15/2003	22:00	14.8	8	90	1013.1
69147	10/15/2003	23:00	14.0	4	210	1013.7
69147	10/16/2003	0:00	13.3	2	170	1014.7
69147	10/16/2003	1:00	15.9	18	210	1014.9
69147	10/16/2003	2:00	15.1	5	240	1015.2
69147	10/16/2003	3:00	15.5	8	250	1015.8
69147	10/16/2003	4:00	14.7	8	250	1016.3
69147	10/16/2003	5:00	13.0	8	290	1017.3
69147	10/16/2003	6:00	13.2	4	230	1018.4
69147	10/16/2003	7:00	15.2	21	250	1019.2
69147	10/16/2003	8:00	17.2	18	240	1019.7
69147	10/16/2003	9:00	18.6	24	220	1019.9
69147	10/16/2003	10:00	18.5	11	230	1020.2
69147	10/16/2003	11:00	18.5	21	120	1020.0
69147	10/16/2003	12:00	17.3	28	110	1019.9
69147	10/16/2003	13:00	16.8	28	130	1019.8
69147	10/16/2003	14:00	16.2	24	120	1020.0
69147	10/16/2003	15:00	16.0	21	120	1020.3
69147	10/16/2003	16:00	15.9	21	130	1020.8
69147	10/16/2003	17:00	15.3	22	140	1021.3
69147	10/16/2003	18:00	14.5	18	140	1022.1
69147	10/16/2003	19:00	13.1	8	180	1023.1
69147	10/16/2003	20:00	13.0	13	300	1024.2
69147	10/16/2003	21:00	12.9	9	330	1024.8
69147	10/16/2003	22:00	13.3	9	300	1025.0
69147	10/16/2003	23:00	13.3	8	290	1025.0
69147	10/17/2003	0:00	13.2	9	300	1024.9
69147	10/17/2003	1:00	12.5	0	0	1024.6
69147	10/17/2003	2:00	12.7	8	320	1024.2
69147	10/17/2003	3:00	12.7	8	310	1023.9
69147	10/17/2003	4:00	12.6	0	0	1024.0
69147	10/17/2003	5:00	12.7	8	320	1023.9
69147	10/17/2003	6:00	13.3	5	310	1023.9
69147	10/17/2003	7:00	14.5	5	330	1024.0
69147	10/17/2003	8:00	15.9	13	360	1024.1
69147	10/17/2003	9:00	16.1	17	40	1024.2
69147	10/17/2003	10:00	17.5	21	40	1023.7
69147	10/17/2003	11:00	17.7	24	40	1023.1
69147	10/17/2003	12:00	18.1	24	40	1022.8
69147	10/17/2003	13:00	19.1	22	40	1022.4
69147	10/17/2003	14:00	19.0	21	30	1022.0
69147	10/17/2003	15:00	18.0	22	50	1022.1
69147	10/17/2003	16:00	17.6	18	40	1022.1
69147	10/17/2003	17:00	16.9	17	30	1022.1
69147	10/17/2003	18:00	15.8	11	30	1022.5
69147	10/17/2003	19:00	15.4	13	20	1022.9
69147	10/17/2003	20:00	15.2	9	360	1023.4
69147	10/17/2003	21:00	12.7	0	0	1023.5
69147	10/17/2003	22:00	10.8	0	0	1023.3
69147	10/17/2003	23:00	9.4	0	0	1022.9
69147	10/18/2003	0:00	8.9	0	0	1022.4
69147	10/18/2003	1:00	9.4	5	210	1021.7
69147	10/18/2003	2:00	9.4	8	220	1021.4
69147	10/18/2003	3:00	8.3	5	210	1021.3
69147	10/18/2003	4:00	8.8	9	210	1021.3
69147	10/18/2003	5:00	8.5	8	230	1021.4
69147	10/18/2003	6:00	9.8	8	200	1021.5
69147	10/18/2003	7:00	12.3	0	0	1021.4
69147	10/18/2003	8:00	16.7	8	80	1021.2
69147	10/18/2003	9:00	17.9	15	70	1020.8
69147	10/18/2003	10:00	18.6	26	40	1020.3
69147	10/18/2003	11:00	19.6	24	40	1019.5
69147	10/18/2003	12:00	19.2	28	40	1018.8
69147	10/18/2003	13:00	19.6	28	30	1017.8
69147	10/18/2003	14:00	19.6	26	40	1016.9
69147	10/18/2003	15:00	19.1	28	40	1016.4
69147	10/18/2003	16:00	18.8	24	30	1016.0
69147	10/18/2003	17:00	17.6	22	30	1015.7
69147	10/18/2003	18:00	17.3	18	30	1015.8
69147	10/18/2003	19:00	16.7	8	50	1016.1
69147	10/18/2003	20:00	16.5	11	30	1016.4
69147	10/18/2003	21:00	16.4	5	350	1016.0
69147	10/18/2003	22:00	14.0	0	0	1015.3
69147	10/18/2003	23:00	13.0	4	270	1014.8
69147	10/19/2003	0:00	11.6	0	0	1014.0
69147	10/19/2003	1:00	11.6	2	260	1013.4
69147	10/19/2003	3:00	10.1	0	0	1012.1
69147	10/19/2003	4:00	10.8	8	200	1011.5
69147	10/19/2003	5:00	10.0	8	220	1011.1
69147	10/19/2003	6:00	11.0	9	200	1011.0
69147	10/19/2003	7:00	13.9	5	190	1010.7
69147	10/19/2003	8:00	17.4	8	120	1009.7
69147	10/19/2003	9:00	20.9	17	40	1008.8
69147	10/19/2003	10:00	22.2	24	40	1007.7
69147	10/19/2003	11:00	19.5	30	40	1006.8
69147	10/20/2003	14:00	18.5	22	20	1008.7
69147	10/20/2003	15:00	18.0	24	30	1008.3
69147	10/20/2003	16:00	17.6	24	30	1008.4
69147	10/20/2003	17:00	17.0	21	20	1008.4
69147	10/20/2003	18:00	16.0	18	20	1008.8
69147	10/20/2003	19:00	15.2	9	360	1009.5
69147	10/20/2003	20:00	11.9	0	0	1010.4
69147	10/20/2003	21:00	11.3	5	210	1011.1
69147	10/20/2003	22:00	11.5	9	290	1011.3
69147	10/20/2003	23:00	11.2	8	280	1011.4
69147	10/21/2003	0:00	9.6	8	220	1010.7
69147	10/21/2003	1:00	9.4	11	200	1009.8
69147	10/21/2003	2:00	8.2	9	210	1009.2
69147	10/21/2003	3:00	7.8	9	190	1008.5
69147	10/21/2003	4:00	7.0	0	0	1008.3
69147	10/21/2003	5:00	6.3	5	200	1008.2
69147	10/21/2003	6:00	8.8	8	170	1008.1
69147	10/21/2003	7:00	16.7	13	320	1008.1
69147	10/21/2003	8:00	18.8	8	360	1007.3
69147	10/21/2003	9:00	22.3	9	30	1006.8
69147	10/21/2003	10:00	23.5	13	20	1005.8
69147	10/21/2003	11:00	22.9	24	40	1004.7
69147	10/21/2003	12:00	22.4	24	30	1003.7
69147	10/21/2003	13:00	20.5	21	80	1003.4
69147	10/21/2003	14:00	20.3	21	60	1002.9
69147	10/21/2003	15:00	19.7	17	80	1003.2
69147	10/21/2003	16:00	19.2	8	30	1003.5
69147	10/21/2003	17:00	23.0	18	280	1003.7
69147	10/21/2003	18:00	16.7	22	130	1005.1
69147	10/21/2003	19:00	15.6	17	130	1006.3
69147	10/21/2003	20:00	14.7	17	150	1007.3
69147	10/21/2003	21:00	14.1	15	160	1008.2
69147	10/21/2003	22:00	13.7	11	180	1009.0
69147	10/21/2003	23:00	13.2	8	190	1008.6
69147	10/22/2003	0:00	13.1	11	150	1008.8
69147	10/22/2003	1:00	12.8	15	200	1008.9
69147	10/22/2003	2:00	10.8	11	240	1009.2
69147	10/22/2003	3:00	11.0	5	220	1009.2
69147	10/22/2003	4:00	11.9	18	260	1009.3
69147	10/22/2003	5:00	12.1	13	240	1010.0
69147	10/22/2003	6:00	11.6	9	290	1011.2
69147	10/22/2003	7:00	12.1	9	250	1011.9
69147	10/22/2003	8:00	14.0	15	210	1012.4
69147	10/22/2003	9:00	15.2	21	220	1012.9
69147	10/22/2003	10:00	15.5	17	240	1013.3
69147	10/22/2003	11:00	14.8	18	230	1013.4
69147	10/22/2003	12:00	15.3	18	220	1013.3
69147	10/22/2003	13:00	15.3	24	190	1013.1
69147	10/22/2003	14:00	15.0	18	190	1012.9
69147	10/22/2003	15:00	13.8	17	140	1012.9
69147	10/22/2003	16:00	13.4	22	160	1013.4
69147	10/22/2003	17:00	12.9	13	170	1014.3
69147	10/22/2003	18:00	12.4	17	170	1015.2
69147	10/22/2003	19:00	12.0	15	180	1016.1
69147	10/22/2003	20:00	11.6	11	180	1017.2
69147	10/22/2003	21:00	11.3	11	210	1017.6
69147	10/22/2003	22:00	10.5	0	0	1017.7
69147	10/22/2003	23:00	9.7	9	300	1017.8
69147	10/23/2003	0:00	9.9	9	300	1017.5
69147	10/23/2003	1:00	9.7	4	280	1016.9
69147	10/23/2003	2:00	9.2	8	290	1016.1
69147	10/23/2003	3:00	9.5	9	270	1015.6
69147	10/23/2003	4:00	9.3	0	0	1015.3
69147	10/23/2003	5:00	9.1	8	270	1015.0
69147	10/23/2003	6:00	9.4	5	190	1015.8
69147	10/23/2003	7:00	10.8	0	0	1015.7
69147	10/23/2003	8:00	12.9	5	360	1015.4
69147	10/23/2003	9:00	13.6	11	40	1015.0
69147	10/23/2003	10:00	13.9	11	40	1015.0
69147	10/23/2003	11:00	15.0	15	70	1013.9
69147	10/23/2003	12:00	14.8	11	70	1013.6
69147	10/23/2003	13:00	14.3	9	80	1013.7
69147	10/23/2003	14:00	15.4	9	90	1013.0
69147	10/23/2003	15:00	15.7	11	70	1012.8
69147	10/23/2003	16:00	15.9	11	80	1013.1
69147	10/23/2003	17:00	13.5	9	100	1014.3
69147	10/23/2003	18:00	12.7	8	120	1014.5
69147	10/23/2003	19:00	9.9	5	260	1015.5
69147	10/23/2003	20:00	10.4	0	0	1016.2
69147	10/23/2003	21:00	10.6	5	270	1017.0
69147	10/23/2003	22:00	10.8	5	300	1017.2
69147	10/23/2003	23:00	10.4	0	0	1017.5
69147	10/24/2003	0:00	10.5	13	310	1017.6
69147	10/24/2003	1:00	9.8	5	210	1017.5
69147	10/24/2003	2:00	9.3	8	280	1017.1
69147	10/24/2003	3:00	8.0	5	220	1017.0
69147	10/24/2003	4:00	8.6	8	270	1017.2
69147	10/24/2003	5:00	8.6	5	250	1017.6
69147	10/24/2003	6:00	8.9	8	200	1018.1
69147	10/24/2003	7:00	10.3	8	200	1018.6
69147	10/24/2003	8:00	13.2	0	0	1018.9
69147	10/24/2003	9:00	15.9	8	80	1019.0
69147	10/24/2003	10:00	16.1	15	70	1018.8
69147	10/24/2003	11:00	15.9	15	60	1018.6
69147	10/24/2003	12:00	16.5	15	80	1017.7
69147	10/24/2003	13:00	16.9	17	80	1017.1
69147	10/24/2003	14:00	17.7	15	70	1016.7
69147	10/24/2003	15:00	16.9	18	70	1016.4
69147	10/24/2003	16:00	16.8	13	60	1016.4
69147	10/24/2003	17:00	16.4	13	60	1016.7
69147	10/24/2003	18:00	16.1	11	60	1017.0
69147	10/24/2003	19:00	15.9	8	30	1017.4
69147	10/24/2003	20:00	16.1	11	30	1017.8
69147	10/24/2003	21:00	16.4	11	20	1017.7
69147	10/24/2003	22:00	16.4	11	20	1017.5
69147	10/24/2003	23:00	16.6	11	20	1017.4
69147	10/25/2003	0:00	16.3	9	10	1017.0
69147	10/25/2003	1:00	15.9	8	360	1016.3
69147	10/25/2003	2:00	15.8	8	360	1016.1
69147	10/25/2003	3:00	15.8	9	360	1015.4
69147	10/25/2003	4:00	15.7	11	10	1014.9
69147	10/25/2003	5:00	15.0	8	10	1014.6
69147	10/25/2003	6:00	15.7	9	20	1014.6
69147	10/25/2003	7:00	17.1	11	350	1014.2
69147	10/25/2003	8:00	18.3	9	30	1014.0
69147	10/25/2003	9:00	18.3	22	40	1013.7
69147	10/25/2003	10:00	18.0	22	40	1013.4
69147	10/25/2003	11:00	18.7	21	40	1011.9
69147	10/25/2003	12:00	17.6	18	30	1011.1
69147	10/25/2003	13:00	17.3	22	30	1010.0
69147	10/25/2003	14:00	16.8	15	30	1008.4
69147	10/25/2003	16:00	13.7	4	60	1008.6
69147	10/25/2003	17:00	14.1	8	250	1008.9
69147	10/25/2003	18:00	14.1	8	50	1009.4
69147	10/25/2003	19:00	13.8	0	0	1008.8
69147	10/25/2003	20:00	13.1	8	250	1008.3
69147	10/25/2003	21:00	12.9	4	160	1008.1
69147	10/25/2003	22:00	13.6	9	230	1007.1
69147	10/25/2003	23:00	13.8	11	200	1007.3
69147	10/26/2003	0:00	13.3	18	250	1007.0
69147	10/26/2003	1:00	12.6	8	240	1006.5
69147	10/26/2003	3:00	12.6	13	250	1006.3
69147	10/26/2003	4:00	12.3	11	230	1005.9
69147	10/26/2003	5:00	12.1	13	230	1006.0
69147	10/26/2003	6:00	12.4	13	230	1006.7
69147	10/26/2003	7:00	12.9	17	260	1007.5
69147	10/26/2003	8:00	12.4	11	270	1008.1
69147	10/26/2003	9:00	13.3	15	280	1008.8
69147	10/26/2003	10:00	14.1	13	280	1009.1
69147	10/26/2003	11:00	16.3	18	240	1009.2
69147	10/26/2003	12:00	16.6	26	220	1009.2
69147	10/26/2003	14:00	17.6	26	220	1008.7
69147	10/26/2003	15:00	17.9	28	210	1008.0
69147	10/26/2003	16:00	17.8	24	210	1008.0
69147	10/26/2003	17:00	17.1	22	200	1008.3
69147	10/26/2003	18:00	16.0	28	220	1008.6
69147	10/26/2003	19:00	14.6	22	210	1009.4
69147	10/26/2003	20:00	12.8	18	200	1010.5
69147	10/26/2003	21:00	12.0	17	240	1011.4
69147	10/26/2003	22:00	11.7	21	230	1011.8
69147	10/26/2003	23:00	11.2	18	230	1012.1
69147	10/27/2003	0:00	11.5	24	230	1012.4
69147	10/27/2003	1:00	10.9	15	230	1012.4
69147	10/27/2003	2:00	10.5	18	200	1012.1
69147	10/27/2003	3:00	8.7	8	280	1011.9
69147	10/27/2003	4:00	7.8	13	270	1011.7
69147	10/27/2003	5:00	8.6	17	280	1011.3
69147	10/27/2003	6:00	8.8	15	280	1011.8
69147	10/27/2003	7:00	10.0	13	280	1012.5
69147	10/27/2003	8:00	11.6	18	280	1012.6
69147	10/27/2003	9:00	13.0	22	240	1012.9
69147	10/27/2003	10:00	14.7	15	220	1012.8
69147	10/27/2003	11:00	15.3	13	270	1012.4
69147	10/27/2003	12:00	16.8	9	220	1011.5
69147	10/27/2003	13:00	16.5	21	100	1010.7
69147	10/27/2003	14:00	17.4	15	90	1010.5
69147	10/27/2003	15:00	17.2	17	70	1010.0
69147	10/27/2003	16:00	16.4	17	100	1009.6
69147	10/27/2003	17:00	15.8	15	100	1010.0
69147	10/27/2003	18:00	15.6	11	50	1010.5
69147	10/27/2003	19:00	14.1	9	30	1010.9
69147	10/27/2003	20:00	12.7	11	340	1010.8
69147	10/27/2003	21:00	12.4	13	310	1012.4
69147	10/27/2003	22:00	12.3	9	310	1012.6
69147	10/27/2003	23:00	12.3	9	310	1012.3
69147	10/28/2003	0:00	12.4	8	310	1011.9
69147	10/28/2003	1:00	12.1	0	0	1011.4
69147	10/28/2003	2:00	11.5	8	160	1010.6
69147	10/28/2003	3:00	10.8	8	130	1010.3
69147	10/28/2003	4:00	10.3	8	210	1010.2
69147	10/28/2003	5:00	10.1	5	180	1010.2
69147	10/28/2003	7:00	10.6	0	0	1009.3
69147	10/28/2003	8:00	11.2	0	0	1009.1
69147	10/28/2003	9:00	12.0	2	280	1008.5
69147	10/28/2003	10:00	12.6	0	0	1007.8
69147	10/28/2003	11:00	13.4	8	90	1006.5
69147	10/28/2003	12:00	13.7	13	70	1005.2
69147	10/28/2003	13:00	13.0	11	50	1003.9
69147	10/28/2003	17:00	13.7	11	50	999.5
69147	10/28/2003	18:00	13.8	9	50	998.4
69147	10/28/2003	19:00	13.7	9	60	998.2
69147	10/28/2003	20:00	13.6	5	90	998.4
69147	10/28/2003	21:00	13.1	2	200	997.5
69147	10/28/2003	22:00	12.5	13	200	997.2
69147	10/28/2003	23:00	11.9	8	190	996.3
69147	10/29/2003	0:00	11.5	9	200	994.4
69147	10/29/2003	1:00	11.4	9	220	994.9
69147	10/29/2003	2:00	10.7	13	200	992.4
69147	10/29/2003	9:00	11.6	18	230	996.7
69147	10/29/2003	10:00	14.7	22	210	997.1
69147	10/29/2003	11:00	13.7	24	250	997.3
69147	10/29/2003	12:00	15.2	22	220	997.6
69147	10/29/2003	13:00	16.0	22	240	997.6
69147	10/29/2003	14:00	17.3	24	220	997.7
69147	10/29/2003	15:00	16.2	21	210	997.8
69147	10/29/2003	16:00	16.7	22	210	998.4
69147	10/29/2003	17:00	15.2	22	220	999.1
69147	10/29/2003	18:00	16.3	21	210	999.6
69147	10/29/2003	19:00	14.7	21	220	1000.4
69147	10/29/2003	20:00	13.8	21	230	1001.4
69147	10/29/2003	21:00	13.4	9	280	1002.8
69147	10/29/2003	22:00	13.1	11	270	1003.3
69147	10/29/2003	23:00	9.2	5	250	1003.8
69147	10/30/2003	0:00	6.4	0	0	1004.0
69147	10/30/2003	1:00	6.0	5	250	1004.1
69147	10/30/2003	2:00	6.3	9	200	1004.0
69147	10/30/2003	3:00	5.9	8	220	1003.9
69147	10/30/2003	4:00	5.4	11	200	1003.9
69147	10/30/2003	5:00	3.8	5	260	1004.2
69147	10/30/2003	6:00	3.4	5	210	1004.5
69147	10/30/2003	7:00	6.2	5	210	1005.3
69147	10/30/2003	8:00	10.2	4	190	1005.3
69147	10/30/2003	9:00	13.7	11	300	1005.0
69147	10/30/2003	10:00	16.4	17	240	1004.5
69147	10/30/2003	11:00	15.7	15	90	1004.3
69147	10/30/2003	12:00	15.7	15	70	1003.9
69147	10/30/2003	13:00	15.8	21	60	1003.4
69147	10/30/2003	14:00	16.3	18	90	1003.5
69147	10/30/2003	15:00	16.1	18	90	1003.2
69147	10/30/2003	16:00	15.8	17	90	1003.9
69147	10/30/2003	17:00	15.3	17	100	1004.2
69147	10/30/2003	18:00	14.7	11	100	1004.6
69147	10/30/2003	19:00	13.6	11	90	1005.3
69147	10/30/2003	20:00	12.4	8	70	1006.3
69147	10/30/2003	21:00	10.7	9	320	1007.0
69147	10/30/2003	22:00	10.1	13	310	1007.1
69147	10/30/2003	23:00	8.5	2	290	1007.1
69147	10/31/2003	0:00	7.3	8	210	1006.7
69147	10/31/2003	1:00	5.9	8	220	1006.1
69147	10/31/2003	2:00	6.4	9	220	1005.5
69147	10/31/2003	3:00	6.0	5	270	1004.7
69147	10/31/2003	4:00	5.9	5	230	1003.7
69147	10/31/2003	5:00	7.1	5	280	1002.5
69147	10/31/2003	6:00	6.5	11	230	1001.7
69147	10/31/2003	7:00	8.0	8	190	1001.1
69147	10/31/2003	8:00	11.3	5	10	999.7
69147	10/31/2003	9:00	15.3	13	50	997.9
69147	10/31/2003	10:00	18.5	13	30	996.4
69147	10/31/2003	13:00	19.4	18	30	990.6
69147	10/31/2003	19:00	17.0	22	300	992.6
69147	10/31/2003	21:00	13.4	13	190	995.3
69147	10/31/2003	22:00	12.4	9	170	996.5
69147	10/31/2003	23:00	12.8	5	240	997.3
69147	11/1/2003	0:00	13.3	24	260	999.2
69147	11/1/2003	1:00	11.8	22	270	999.8
69147	11/1/2003	2:00	11.8	26	260	999.9
69147	11/1/2003	3:00	12.2	24	270	1000.2
69147	11/1/2003	4:00	11.9	21	260	1000.7
69147	11/1/2003	5:00	11.8	17	260	1001.0
69147	11/1/2003	6:00	12.1	22	270	1002.2
69147	11/1/2003	7:00	13.1	21	260	1003.3
69147	11/1/2003	8:00	14.6	24	220	1003.9
69147	11/1/2003	9:00	15.1	31	250	1004.4
69147	11/1/2003	11:00	16.6	22	230	1005.7
69147	11/1/2003	12:00	17.6	28	250	1005.8
69147	11/1/2003	13:00	17.7	18	220	1005.6
69147	11/1/2003	14:00	18.8	18	220	1005.8
69147	11/1/2003	15:00	19.5	24	210	1005.3
69147	11/1/2003	16:00	19.7	15	250	1004.8
69147	11/1/2003	17:00	17.6	17	210	1005.4
69147	11/1/2003	18:00	16.2	22	200	1005.9
69147	11/1/2003	19:00	14.6	21	190	1006.8
69147	11/1/2003	20:00	13.0	13	250	1008.6
69147	11/1/2003	21:00	11.0	2	250	1009.1
69147	11/1/2003	22:00	11.2	8	190	1009.5
69147	11/1/2003	23:00	11.2	11	230	1009.5
69147	11/2/2003	0:00	11.0	11	230	1009.6
69147	11/2/2003	1:00	10.0	15	220	1008.9
69147	11/2/2003	2:00	10.3	13	230	1008.3
69147	11/2/2003	3:00	7.8	2	270	1007.7
69147	11/2/2003	4:00	5.9	4	220	1007.6
69147	11/2/2003	5:00	5.6	8	220	1007.8
69147	11/2/2003	6:00	4.7	5	250	1008.6
69147	11/2/2003	7:00	7.6	2	210	1009.7
69147	11/2/2003	8:00	12.0	5	210	1010.4
69147	11/2/2003	9:00	13.8	17	220	1010.9
69147	11/2/2003	11:00	16.0	26	220	1012.4
69147	11/2/2003	12:00	16.1	24	220	1012.7
69147	11/2/2003	13:00	13.6	18	220	1013.4
69147	11/2/2003	14:00	15.6	24	210	1014.1
69147	11/2/2003	15:00	15.7	26	240	1014.4
69147	11/2/2003	16:00	17.1	15	190	1014.7
69147	11/2/2003	17:00	17.0	24	180	1015.1
69147	11/2/2003	19:00	14.5	22	220	1017.4
69147	11/2/2003	20:00	12.3	13	200	1018.8
69147	11/2/2003	21:00	11.3	9	190	1020.1
69147	11/2/2003	22:00	10.5	13	180	1020.8
69147	11/2/2003	23:00	9.9	5	250	1021.0
69147	11/3/2003	0:00	9.5	4	280	1021.2
69147	11/3/2003	1:00	7.6	5	210	1021.1
69147	11/3/2003	2:00	8.3	5	300	1020.9
69147	11/3/2003	3:00	6.5	5	280	1021.1
69147	11/3/2003	4:00	6.9	9	300	1021.0
69147	11/3/2003	5:00	5.2	4	330	1021.2
69147	11/3/2003	6:00	5.1	2	250	1021.8
69147	11/3/2003	7:00	7.7	9	320	1022.5
69147	11/3/2003	8:00	11.8	9	280	1022.8
69147	11/3/2003	9:00	13.5	18	260	1022.9
69147	11/3/2003	10:00	14.3	11	260	1022.9
69147	11/3/2003	11:00	15.8	11	10	1022.4
69147	11/3/2003	12:00	16.2	18	100	1021.7
69147	11/3/2003	13:00	16.0	17	50	1021.4
69147	11/3/2003	14:00	15.7	21	60	1021.5
69147	11/3/2003	15:00	15.9	21	50	1021.3
69147	11/3/2003	16:00	15.6	18	50	1021.5
69147	11/3/2003	17:00	15.5	13	60	1021.9
69147	11/3/2003	18:00	14.9	13	20	1021.8
69147	11/3/2003	19:00	14.0	11	10	1022.5
69147	11/3/2003	20:00	12.5	9	350	1023.3
69147	11/3/2003	21:00	12.5	11	320	1024.0
69147	11/3/2003	22:00	12.5	11	320	1024.6
69147	11/3/2003	23:00	12.1	9	330	1024.6
69147	11/4/2003	0:00	11.7	9	310	1024.7
69147	11/4/2003	1:00	11.4	9	320	1024.3
69147	11/4/2003	2:00	11.8	5	300	1023.6
69147	11/4/2003	3:00	11.9	8	310	1023.1
69147	11/4/2003	4:00	12.7	11	320	1022.6
69147	11/4/2003	5:00	12.3	15	310	1022.6
69147	11/4/2003	6:00	11.1	11	320	1022.9
69147	11/4/2003	7:00	10.8	9	310	1023.3
69147	11/4/2003	8:00	14.2	4	310	1023.4
69147	11/4/2003	9:00	16.4	15	360	1023.0
69147	11/4/2003	10:00	17.7	17	50	1022.6
69147	11/4/2003	11:00	18.7	18	40	1022.5
69147	11/4/2003	12:00	18.8	24	30	1021.6
69147	11/4/2003	13:00	18.9	24	30	1021.0
69147	11/4/2003	14:00	20.1	21	30	1020.7
69147	11/4/2003	15:00	19.3	24	30	1020.0
69147	11/4/2003	16:00	19.7	22	40	1019.9
69147	11/4/2003	17:00	19.2	22	30	1019.9
69147	11/4/2003	18:00	18.2	18	30	1020.2
69147	11/4/2003	19:00	17.0	17	30	1020.9
69147	11/4/2003	20:00	15.9	11	30	1021.5
69147	11/4/2003	21:00	14.6	8	360	1022.1
69147	11/4/2003	22:00	13.2	8	290	1022.4
69147	11/4/2003	23:00	11.2	0	0	1022.3
69147	11/5/2003	0:00	10.8	0	0	1022.2
69147	11/5/2003	1:00	10.8	5	210	1022.0
69147	11/5/2003	2:00	10.3	8	200	1021.6
69147	11/5/2003	3:00	9.3	5	210	1021.2
69147	11/5/2003	4:00	9.9	8	220	1021.2
69147	11/5/2003	5:00	9.6	8	220	1021.3
69147	11/5/2003	6:00	8.3	4	220	1021.6
69147	11/5/2003	7:00	10.8	5	220	1022.1
69147	11/5/2003	8:00	14.7	0	0	1021.9
69147	11/5/2003	9:00	17.5	9	100	1021.8
69147	11/5/2003	10:00	19.6	15	80	1021.6
69147	11/5/2003	11:00	20.4	17	80	1021.3
69147	11/5/2003	12:00	20.2	21	60	1020.9
69147	11/5/2003	13:00	21.6	21	60	1020.0
69147	11/5/2003	14:00	21.7	18	50	1019.5
69147	11/5/2003	15:00	21.9	18	50	1018.4
69147	11/5/2003	16:00	21.3	17	80	1018.2
69147	11/5/2003	17:00	20.7	11	80	1018.4
69147	11/5/2003	18:00	19.2	13	90	1018.4
69147	11/5/2003	19:00	18.6	4	130	1018.8
69147	11/5/2003	20:00	16.9	8	210	1019.3
69147	11/5/2003	21:00	15.1	0	0	1019.7
69147	11/5/2003	22:00	14.1	0	0	1019.6
69147	11/5/2003	23:00	12.9	0	0	1019.1
69147	11/6/2003	0:00	11.5	0	0	1018.5
69147	11/6/2003	1:00	11.6	0	0	1017.4
69147	11/6/2003	2:00	12.4	9	300	1016.2
69147	11/6/2003	3:00	12.9	8	270	1015.6
69147	11/6/2003	4:00	13.9	9	200	1015.2
69147	11/6/2003	5:00	14.7	13	210	1015.3
69147	11/6/2003	6:00	16.4	8	270	1015.5
69147	11/6/2003	7:00	17.8	8	300	1015.2
69147	11/6/2003	8:00	17.0	11	140	1015.6
69147	11/6/2003	9:00	17.1	8	280	1016.0
69147	11/6/2003	10:00	18.4	5	260	1015.9
69147	11/6/2003	11:00	22.8	4	10	1015.3
69147	11/6/2003	12:00	21.7	13	70	1014.7
69147	11/6/2003	13:00	22.8	11	110	1013.9
69147	11/6/2003	14:00	24.8	18	40	1013.4
69147	11/6/2003	15:00	22.4	15	40	1013.2
69147	11/6/2003	16:00	19.9	13	150	1013.6
69147	11/6/2003	17:00	21.4	22	140	1014.6
69147	11/6/2003	18:00	19.5	18	130	1015.0
69147	11/6/2003	19:00	21.8	17	150	1015.9
69147	11/6/2003	20:00	19.6	9	160	1017.2
69147	11/6/2003	21:00	17.5	11	170	1018.4
69147	11/6/2003	22:00	16.0	0	0	1019.3
69147	11/6/2003	23:00	12.4	5	270	1019.8
69147	11/7/2003	0:00	12.1	9	310	1020.0
69147	11/7/2003	1:00	13.0	8	330	1020.0
69147	11/7/2003	2:00	10.5	5	320	1019.9
69147	11/7/2003	3:00	9.6	8	310	1019.9
69147	11/7/2003	4:00	9.3	5	300	1020.1
69147	11/7/2003	5:00	7.9	2	270	1020.8
69147	11/7/2003	6:00	7.5	4	280	1021.7
69147	11/7/2003	7:00	10.7	5	300	1022.5
69147	11/7/2003	8:00	14.1	5	230	1023.0
69147	11/7/2003	13:00	15.5	13	100	1022.9
69147	11/7/2003	14:00	15.3	15	120	1022.8
69147	11/7/2003	15:00	14.8	13	110	1022.4
69147	11/7/2003	16:00	14.6	13	140	1022.2
69147	11/7/2003	17:00	14.5	13	140	1022.2
69147	11/7/2003	18:00	14.2	9	150	1022.4
69147	11/7/2003	19:00	13.3	9	150	1023.3
69147	11/7/2003	20:00	12.7	8	180	1023.7
69147	11/7/2003	21:00	12.6	8	280	1024.1
69147	11/7/2003	22:00	12.7	5	270	1024.4
69147	11/7/2003	23:00	12.8	8	280	1024.3
69147	11/8/2003	0:00	12.9	8	280	1024.1
69147	11/8/2003	1:00	13.1	8	280	1023.8
69147	11/8/2003	2:00	13.1	4	260	1023.0
69147	11/8/2003	3:00	13.1	0	0	1022.7
69147	11/8/2003	4:00	13.1	0	0	1021.8
69147	11/8/2003	5:00	12.8	0	0	1021.7
69147	11/8/2003	6:00	12.8	0	0	1022.0
69147	11/8/2003	7:00	13.1	5	200	1022.3
69147	11/8/2003	8:00	13.8	5	200	1022.7
69147	11/8/2003	9:00	14.8	4	270	1022.6
69147	11/8/2003	10:00	16.3	9	120	1022.3
69147	11/8/2003	11:00	16.5	13	100	1022.1
69147	11/8/2003	12:00	16.5	13	110	1021.7
69147	11/8/2003	13:00	17.7	11	110	1021.1
69147	11/8/2003	14:00	18.9	22	40	1020.4
69147	11/8/2003	17:00	18.5	18	30	1019.0
69147	11/8/2003	18:00	17.9	17	30	1019.1
69147	11/8/2003	19:00	17.6	11	40	1019.5
69147	11/8/2003	20:00	17.4	9	30	1019.8
69147	11/8/2003	21:00	17.5	8	20	1020.2
69147	11/8/2003	22:00	17.5	5	10	1020.4
69147	11/8/2003	23:00	16.8	0	0	1020.2
69147	11/9/2003	0:00	16.6	9	200	1020.0
69147	11/9/2003	1:00	16.4	5	210	1019.4
69147	11/9/2003	2:00	15.9	4	230	1018.7
69147	11/9/2003	3:00	16.0	8	220	1018.2
69147	11/9/2003	4:00	15.9	5	220	1017.9
69147	11/9/2003	5:00	15.8	4	210	1017.9
69147	11/9/2003	6:00	15.9	0	0	1018.1
69147	11/9/2003	7:00	16.2	0	0	1018.6
69147	11/9/2003	8:00	16.9	5	100	1019.0
69147	11/9/2003	9:00	17.2	8	90	1019.1
69147	11/9/2003	10:00	17.2	11	110	1019.6
69147	11/9/2003	11:00	17.8	13	120	1019.5
69147	11/9/2003	12:00	18.2	15	120	1019.2
69147	11/9/2003	13:00	17.7	17	120	1019.3
69147	11/9/2003	14:00	18.3	18	130	1019.0
69147	11/9/2003	15:00	17.3	18	140	1018.7
69147	11/9/2003	16:00	17.1	21	150	1018.6
69147	11/9/2003	17:00	17.2	18	140	1019.0
69147	11/9/2003	18:00	16.2	15	150	1019.5
69147	11/9/2003	19:00	16.1	15	160	1020.1
69147	11/9/2003	20:00	16.0	9	150	1020.7
69147	11/9/2003	21:00	15.8	11	140	1021.3
69147	11/9/2003	22:00	15.5	9	160	1021.7
69147	11/9/2003	23:00	15.3	9	170	1021.9
69147	11/10/2003	0:00	15.2	8	230	1022.0
69147	11/10/2003	1:00	14.8	9	210	1021.4
69147	11/10/2003	2:00	14.8	5	240	1020.7
69147	11/10/2003	3:00	14.8	5	250	1020.3
69147	11/10/2003	4:00	14.9	5	210	1019.8
69147	11/10/2003	5:00	14.9	0	0	1019.9
69147	11/10/2003	6:00	14.9	0	0	1020.1
69147	11/10/2003	7:00	15.3	4	230	1020.4
69147	11/10/2003	8:00	16.0	5	250	1020.8
69147	11/10/2003	9:00	16.9	4	140	1020.8
69147	11/10/2003	10:00	17.9	9	120	1020.6
69147	11/10/2003	11:00	17.8	11	120	1020.3
69147	11/10/2003	12:00	19.2	13	90	1019.8
69147	11/10/2003	13:00	19.1	15	110	1019.4
69147	11/10/2003	14:00	19.7	17	110	1019.2
69147	11/10/2003	15:00	19.0	21	130	1019.3
69147	11/10/2003	16:00	19.7	18	120	1019.2
69147	11/10/2003	17:00	18.4	17	130	1019.0
69147	11/10/2003	18:00	17.8	17	140	1019.4
69147	11/10/2003	19:00	17.4	11	140	1019.7
69147	11/10/2003	20:00	17.2	9	160	1019.9
69147	11/10/2003	21:00	17.1	11	160	1020.3
69147	11/10/2003	22:00	17.0	8	150	1020.6
69147	11/10/2003	23:00	16.8	9	130	1020.5
69147	11/11/2003	0:00	16.7	11	130	1020.1
69147	11/11/2003	1:00	15.9	9	150	1019.9
69147	11/11/2003	2:00	15.3	5	190	1019.3
69147	11/11/2003	3:00	15.3	0	0	1018.7
69147	11/11/2003	4:00	15.2	0	0	1018.1
69147	11/11/2003	5:00	15.4	0	0	1017.6
69147	11/11/2003	6:00	15.2	0	0	1017.7
69147	11/11/2003	7:00	15.8	4	140	1018.3
69147	11/11/2003	8:00	16.3	5	90	1018.5
69147	11/11/2003	9:00	17.2	8	90	1018.6
69147	11/11/2003	10:00	18.2	15	120	1018.4
69147	11/11/2003	11:00	18.8	17	110	1018.0
69147	11/11/2003	12:00	19.3	15	100	1017.7
69147	11/11/2003	13:00	18.9	18	110	1017.4
69147	11/11/2003	14:00	19.2	17	110	1017.1
69147	11/11/2003	15:00	19.5	17	110	1017.0
69147	11/11/2003	16:00	18.7	18	120	1016.9
69147	11/11/2003	17:00	18.1	15	100	1017.1
69147	11/11/2003	18:00	18.0	13	60	1016.9
69147	11/11/2003	19:00	17.3	11	360	1017.5
69147	11/11/2003	20:00	16.1	13	350	1018.1
69147	11/11/2003	21:00	16.3	5	320	1019.1
69147	11/11/2003	22:00	16.1	8	180	1019.7
69147	11/11/2003	23:00	12.8	2	210	1019.4
69147	11/12/2003	0:00	13.2	8	220	1019.4
69147	11/12/2003	1:00	13.1	8	200	1019.3
69147	11/12/2003	2:00	12.3	8	210	1018.6
69147	11/12/2003	3:00	12.6	5	220	1018.4
69147	11/12/2003	4:00	12.9	11	320	1018.1
69147	11/12/2003	5:00	13.3	0	0	1018.0
69147	11/12/2003	6:00	12.4	8	200	1018.2
69147	11/12/2003	7:00	13.4	0	0	1018.9
69147	11/12/2003	8:00	16.3	2	150	1019.6
69147	11/12/2003	9:00	18.4	15	200	1019.5
69147	11/12/2003	10:00	19.5	11	250	1019.4
69147	11/12/2003	11:00	21.7	21	200	1019.3
69147	11/12/2003	12:00	22.7	18	200	1019.0
69147	11/12/2003	13:00	22.6	26	170	1018.6
69147	11/12/2003	14:00	23.0	26	190	1018.1
69147	11/12/2003	15:00	22.9	33	190	1017.9
69147	11/12/2003	17:00	22.6	26	180	1018.3
69147	11/12/2003	18:00	20.5	30	190	1018.6
69147	11/12/2003	19:00	18.3	22	190	1020.1
69147	11/12/2003	20:00	15.8	26	200	1021.3
69147	11/12/2003	21:00	14.4	17	180	1022.8
69147	11/12/2003	22:00	13.6	21	170	1023.6
69147	11/12/2003	23:00	12.8	18	180	1023.9
69147	11/13/2003	0:00	12.3	18	200	1024.1
69147	11/13/2003	1:00	12.2	5	180	1024.2
69147	11/13/2003	2:00	12.1	0	0	1023.8
69147	11/13/2003	3:00	12.1	0	0	1023.7
69147	11/13/2003	4:00	11.9	4	310	1024.0
69147	11/13/2003	5:00	11.6	5	260	1024.2
69147	11/13/2003	6:00	12.0	13	260	1025.0
69147	11/13/2003	7:00	12.4	15	250	1025.9
69147	11/13/2003	8:00	14.2	8	230	1026.3
69147	11/13/2003	9:00	15.7	11	280	1026.4
69147	11/13/2003	10:00	16.3	8	280	1026.3
69147	11/13/2003	11:00	18.3	13	90	1026.2
69147	11/13/2003	12:00	17.9	17	80	1025.9
69147	11/13/2003	13:00	17.7	21	110	1026.0
69147	11/13/2003	14:00	17.1	18	110	1025.8
69147	11/13/2003	15:00	17.5	17	110	1025.5
69147	11/13/2003	16:00	17.2	15	100	1025.2
69147	11/13/2003	17:00	17.8	11	100	1025.0
69147	11/13/2003	18:00	17.5	9	70	1024.9
69147	11/13/2003	19:00	16.2	9	30	1025.3
69147	11/13/2003	20:00	15.0	9	10	1025.5
69147	11/13/2003	21:00	14.1	8	350	1025.6
69147	11/13/2003	22:00	12.5	8	300	1025.7
69147	11/13/2003	23:00	11.8	8	300	1025.3
69147	11/14/2003	0:00	9.8	4	300	1024.9
69147	11/14/2003	1:00	9.0	0	0	1024.4
69147	11/14/2003	2:00	8.3	2	270	1023.5
69147	11/14/2003	3:00	7.8	0	0	1022.6
69147	11/14/2003	4:00	7.2	0	0	1021.6
69147	11/14/2003	5:00	9.2	11	300	1021.5
69147	11/14/2003	6:00	7.7	0	0	1021.6
69147	11/14/2003	7:00	11.9	9	310	1021.4
69147	11/14/2003	8:00	15.7	0	0	1020.9
69147	11/14/2003	9:00	18.5	11	40	1020.5
69147	11/14/2003	10:00	19.4	15	40	1020.0
69147	11/14/2003	11:00	20.7	18	50	1019.6
69147	11/14/2003	12:00	21.1	21	50	1019.2
69147	11/14/2003	13:00	21.8	18	40	1018.5
69147	11/14/2003	14:00	22.3	17	50	1018.2
69147	11/14/2003	15:00	22.4	17	50	1017.8
69147	11/14/2003	16:00	22.0	15	70	1018.0
69147	11/14/2003	17:00	21.3	15	70	1017.9
69147	11/14/2003	18:00	21.0	13	70	1017.9
69147	11/14/2003	19:00	19.7	9	80	1018.4
69147	11/14/2003	20:00	17.9	8	90	1018.9
69147	11/14/2003	21:00	16.5	8	240	1019.2
69147	11/14/2003	22:00	14.2	4	250	1019.4
69147	11/14/2003	23:00	13.2	2	190	1019.1
69147	11/15/2003	0:00	13.3	11	310	1018.5
69147	11/15/2003	1:00	11.5	0	0	1017.8
69147	11/15/2003	2:00	11.6	9	210	1017.2
69147	11/15/2003	3:00	10.6	4	210	1016.6
69147	11/15/2003	4:00	10.2	8	210	1016.3
69147	11/15/2003	5:00	9.5	8	220	1015.9
69147	11/15/2003	6:00	8.9	5	300	1015.7
69147	11/15/2003	7:00	13.1	0	0	1015.6
69147	11/15/2003	15:00	29.9	24	30	1008.1
69147	11/15/2003	16:00	26.7	21	50	1007.6
69147	11/15/2003	17:00	30.6	24	30	1006.8
69147	11/15/2003	18:00	28.0	24	40	1006.6
69147	11/15/2003	19:00	25.2	13	50	1006.3
69147	11/15/2003	20:00	21.6	11	200	1006.7
69147	11/15/2003	21:00	18.5	0	0	1007.0
69147	11/15/2003	22:00	16.7	4	190	1007.2
69147	11/15/2003	23:00	16.3	8	220	1007.0
69147	11/16/2003	0:00	20.0	9	330	1007.8
69147	11/16/2003	1:00	20.1	8	220	1007.6
69147	11/16/2003	2:00	15.7	0	0	1007.4
69147	11/16/2003	3:00	19.6	8	210	1007.6
69147	11/16/2003	4:00	20.8	22	200	1008.4
69147	11/16/2003	5:00	19.2	11	190	1009.6
69147	11/16/2003	6:00	15.8	8	280	1010.3
69147	11/16/2003	7:00	18.2	11	160	1011.3
69147	11/16/2003	8:00	19.2	21	200	1012.6
69147	11/16/2003	9:00	20.3	24	190	1014.1
69147	11/16/2003	10:00	20.0	33	190	1015.0
69147	11/16/2003	12:00	16.4	31	190	1017.2
69147	11/16/2003	13:00	16.6	17	220	1017.1
69147	11/16/2003	14:00	15.7	9	210	1018.0
69147	11/16/2003	15:00	13.6	13	190	1018.8
69147	11/16/2003	16:00	13.0	11	160	1019.1
69147	11/16/2003	17:00	12.5	13	170	1019.7
69147	11/16/2003	18:00	12.3	15	200	1021.1
69147	11/16/2003	20:00	12.0	11	210	1024.3
69147	11/16/2003	21:00	11.9	9	240	1025.2
69147	11/16/2003	22:00	11.7	11	210	1026.0
69147	11/16/2003	23:00	11.2	15	200	1026.6
69147	11/17/2003	0:00	10.6	13	210	1027.0
69147	11/17/2003	1:00	9.7	11	210	1026.6
69147	11/17/2003	2:00	8.7	11	210	1026.1
69147	11/17/2003	3:00	9.4	8	210	1026.0
69147	11/17/2003	4:00	9.8	8	220	1026.0
69147	11/17/2003	5:00	10.5	9	300	1026.2
69147	11/17/2003	6:00	10.9	5	240	1026.8
69147	11/17/2003	7:00	11.7	5	250	1027.3
69147	11/17/2003	8:00	15.3	9	150	1027.9
69147	11/17/2003	9:00	16.6	15	120	1027.9
69147	11/17/2003	10:00	15.8	15	140	1028.0
69147	11/17/2003	11:00	16.1	18	120	1027.8
69147	11/17/2003	12:00	17.5	17	130	1027.6
69147	11/17/2003	13:00	17.0	18	140	1027.1
69147	11/17/2003	14:00	17.5	18	120	1026.9
69147	11/17/2003	15:00	17.4	17	120	1027.0
69147	11/17/2003	16:00	17.4	17	100	1026.9
69147	11/17/2003	17:00	17.6	13	90	1026.4
69147	11/17/2003	18:00	16.9	13	100	1026.3
69147	11/17/2003	19:00	16.3	11	110	1026.8
69147	11/17/2003	20:00	15.7	13	100	1026.7
69147	11/17/2003	21:00	14.6	9	120	1026.9
69147	11/17/2003	22:00	14.2	0	0	1026.6
69147	11/17/2003	23:00	14.2	8	360	1026.1
69147	11/18/2003	0:00	15.5	18	70	1025.9
69147	11/18/2003	1:00	13.8	8	330	1025.8
69147	11/18/2003	2:00	12.5	9	330	1025.3
69147	11/18/2003	3:00	11.7	5	330	1024.4
69147	11/18/2003	4:00	11.8	5	260	1023.7
69147	11/18/2003	5:00	11.4	5	270	1023.3
69147	11/18/2003	6:00	11.6	5	240	1023.4
69147	11/18/2003	7:00	12.3	9	290	1023.7
69147	11/18/2003	8:00	13.0	15	320	1023.9
69147	11/18/2003	9:00	15.0	11	310	1023.7
69147	11/18/2003	10:00	16.1	4	10	1023.1
69147	11/18/2003	11:00	16.8	8	320	1022.5
69147	11/18/2003	12:00	18.7	18	80	1021.6
69147	11/18/2003	13:00	18.6	18	70	1020.8
69147	11/18/2003	14:00	18.8	18	70	1019.8
69147	11/18/2003	15:00	19.3	17	70	1018.7
69147	11/18/2003	16:00	18.7	15	70	1017.7
69147	11/18/2003	17:00	18.8	13	60	1017.2
69147	11/18/2003	18:00	18.0	9	50	1017.0
69147	11/18/2003	19:00	17.4	13	60	1016.7
69147	11/18/2003	20:00	16.8	9	30	1016.9
69147	11/18/2003	21:00	16.2	5	360	1017.4
69147	11/18/2003	22:00	15.8	4	300	1016.8
69147	11/18/2003	23:00	14.8	2	300	1016.5
69147	11/19/2003	0:00	14.2	0	0	1015.9
69147	11/19/2003	1:00	14.0	0	0	1015.2
69147	11/19/2003	2:00	14.9	0	0	1014.6
69147	11/19/2003	3:00	14.9	5	10	1013.7
69147	11/19/2003	4:00	13.7	5	230	1013.6
69147	11/19/2003	5:00	13.2	0	0	1013.9
69147	11/19/2003	6:00	12.7	8	200	1014.4
69147	11/19/2003	7:00	14.6	2	230	1015.0
69147	11/19/2003	8:00	17.6	2	120	1015.2
69147	11/19/2003	9:00	18.5	9	90	1015.2
69147	11/19/2003	10:00	19.8	13	90	1015.1
69147	11/19/2003	11:00	22.5	15	70	1014.9
69147	11/19/2003	12:00	22.3	17	40	1014.4
69147	11/19/2003	13:00	22.1	22	40	1013.8
69147	11/19/2003	14:00	22.7	24	40	1013.5
69147	11/19/2003	15:00	23.2	18	40	1012.9
69147	11/19/2003	16:00	22.4	21	50	1012.4
69147	11/19/2003	17:00	21.3	18	40	1012.2
69147	11/19/2003	18:00	21.5	11	40	1012.3
69147	11/19/2003	19:00	19.2	13	30	1012.8
69147	11/19/2003	20:00	18.8	9	40	1013.3
69147	11/19/2003	21:00	18.6	2	20	1013.5
69147	11/19/2003	22:00	18.2	9	20	1013.0
69147	11/19/2003	23:00	17.3	2	350	1012.5
69147	11/20/2003	0:00	16.7	5	190	1012.1
69147	11/20/2003	1:00	16.2	0	0	1011.6
69147	11/20/2003	2:00	16.2	0	0	1010.9
69147	11/20/2003	3:00	15.6	2	210	1010.0
69147	11/20/2003	4:00	15.5	9	210	1009.6
69147	11/20/2003	5:00	15.5	0	0	1009.4
69147	11/20/2003	6:00	16.0	5	110	1009.1
69147	11/20/2003	7:00	16.5	5	230	1009.9
69147	11/20/2003	8:00	18.0	4	220	1010.4
69147	11/20/2003	9:00	18.3	0	0	1010.7
69147	11/20/2003	10:00	19.8	0	0	1010.1
69147	11/20/2003	11:00	22.4	5	10	1009.0
69147	11/20/2003	12:00	22.7	18	80	1007.9
69147	11/20/2003	13:00	24.5	21	40	1006.9
69147	11/20/2003	14:00	25.3	13	70	1006.2
69147	11/20/2003	15:00	23.8	21	40	1004.7
69147	11/20/2003	16:00	22.0	15	40	1004.2
69147	11/20/2003	17:00	20.1	13	200	1004.3
69147	11/20/2003	18:00	19.8	8	140	1004.9
69147	11/20/2003	19:00	22.4	24	200	1008.6
69147	11/20/2003	20:00	21.5	24	200	1010.5
69147	11/20/2003	21:00	19.2	4	160	1011.3
69147	11/20/2003	22:00	18.7	5	200	1010.7
69147	11/20/2003	23:00	18.8	9	330	1010.4
69147	11/21/2003	0:00	18.3	11	40	1010.2
69147	11/21/2003	1:00	18.1	9	20	1010.1
69147	11/21/2003	2:00	18.1	5	10	1010.5
69147	11/21/2003	3:00	18.0	13	210	1011.3
69147	11/21/2003	4:00	17.9	5	90	1011.2
69147	11/21/2003	5:00	18.3	0	0	1011.5
69147	11/21/2003	6:00	18.3	17	180	1012.1
69147	11/21/2003	7:00	18.1	9	180	1012.9
69147	11/21/2003	8:00	18.4	9	190	1013.3
69147	11/21/2003	9:00	18.7	13	180	1013.3
69147	11/21/2003	10:00	19.3	11	160	1013.7
69147	11/21/2003	11:00	19.5	11	130	1013.6
69147	11/21/2003	12:00	19.4	18	140	1013.3
69147	11/21/2003	13:00	18.7	11	120	1013.3
69147	11/21/2003	14:00	17.2	21	150	1013.5
69147	11/21/2003	15:00	16.7	17	150	1013.5
69147	11/21/2003	16:00	16.7	11	160	1013.9
69147	11/21/2003	17:00	16.3	13	170	1013.5
69147	11/21/2003	18:00	16.3	2	170	1014.3
69147	11/21/2003	19:00	16.1	9	80	1012.4
69147	11/21/2003	20:00	16.0	13	210	1013.3
69147	11/21/2003	21:00	15.8	8	210	1014.4
69147	11/21/2003	22:00	15.6	9	160	1014.5
69147	11/21/2003	23:00	15.4	11	180	1014.4
69147	11/22/2003	0:00	15.4	9	190	1014.1
69147	11/22/2003	1:00	15.1	9	190	1013.5
69147	11/22/2003	2:00	15.2	13	160	1013.2
69147	11/22/2003	3:00	15.0	15	150	1012.4
69147	11/22/2003	4:00	14.9	11	160	1011.9
69147	11/22/2003	5:00	15.1	18	160	1011.3
69147	11/22/2003	6:00	14.9	15	160	1012.1
69147	11/22/2003	7:00	14.5	13	200	1012.0
69147	11/22/2003	8:00	14.8	13	200	1012.3
69147	11/22/2003	9:00	14.8	11	200	1012.1
69147	11/22/2003	10:00	15.1	15	170	1012.2
69147	11/22/2003	11:00	15.4	17	160	1012.1
69147	11/22/2003	12:00	14.6	18	180	1011.9
69147	11/22/2003	13:00	14.1	13	180	1012.3
69147	11/22/2003	14:00	13.9	18	150	1012.2
69147	11/22/2003	15:00	14.1	22	170	1012.1
69147	11/22/2003	16:00	13.7	15	180	1012.5
69147	11/22/2003	17:00	13.7	13	180	1012.4
69147	11/22/2003	18:00	13.2	15	210	1012.8
69147	11/22/2003	19:00	12.8	9	230	1013.4
69147	11/22/2003	20:00	12.6	13	200	1013.6
69147	11/22/2003	21:00	12.6	8	220	1013.7
69147	11/22/2003	22:00	12.6	11	210	1013.9
69147	11/22/2003	23:00	12.5	13	210	1013.9
69147	11/23/2003	0:00	12.5	13	220	1013.8
69147	11/23/2003	1:00	12.5	13	210	1013.8
69147	11/23/2003	2:00	12.3	15	210	1012.9
69147	11/23/2003	3:00	12.3	13	210	1012.2
69147	11/23/2003	4:00	11.8	13	200	1012.0
69147	11/23/2003	5:00	11.8	15	200	1012.5
69147	11/23/2003	6:00	11.8	13	210	1013.2
69147	11/23/2003	7:00	11.9	13	200	1013.7
69147	11/23/2003	8:00	12.2	9	220	1014.2
69147	11/23/2003	9:00	12.5	8	220	1014.8
69147	11/23/2003	10:00	12.7	11	230	1015.1
69147	11/23/2003	11:00	13.4	13	210	1015.2
69147	11/23/2003	12:00	13.9	18	180	1015.2
69147	11/23/2003	13:00	14.0	17	190	1015.2
69147	11/23/2003	14:00	13.5	15	210	1015.4
69147	11/23/2003	15:00	14.4	11	220	1015.0
69147	11/23/2003	16:00	14.0	18	190	1015.2
69147	11/23/2003	17:00	13.5	11	230	1015.5
69147	11/23/2003	18:00	13.8	9	220	1015.7
69147	11/23/2003	19:00	13.7	15	190	1016.5
69147	11/23/2003	20:00	13.5	13	210	1017.0
69147	11/23/2003	21:00	13.2	9	230	1017.4
69147	11/23/2003	22:00	13.0	9	220	1017.9
69147	11/23/2003	23:00	12.9	13	180	1018.1
69147	11/24/2003	0:00	12.5	11	240	1018.0
69147	11/24/2003	1:00	12.4	11	210	1017.9
69147	11/24/2003	2:00	11.7	18	210	1017.6
69147	11/24/2003	3:00	11.7	13	200	1017.4
69147	11/24/2003	4:00	11.4	13	250	1017.2
69147	11/24/2003	5:00	11.7	15	230	1017.5
69147	11/24/2003	6:00	11.8	11	230	1017.9
69147	11/24/2003	7:00	11.9	9	220	1018.3
69147	11/24/2003	8:00	13.6	13	220	1018.7
69147	11/24/2003	9:00	14.9	17	200	1019.0
69147	11/24/2003	10:00	15.6	17	200	1019.1
69147	11/24/2003	11:00	17.2	21	190	1019.1
69147	11/24/2003	12:00	16.5	24	130	1018.9
69147	11/24/2003	13:00	16.7	22	150	1018.9
69147	11/24/2003	14:00	16.5	28	150	1018.7
69147	11/24/2003	15:00	17.0	24	140	1018.5
69147	11/24/2003	16:00	16.5	28	140	1018.6
69147	11/24/2003	17:00	16.3	28	140	1018.8
69147	11/24/2003	18:00	15.8	24	150	1019.3
69147	11/24/2003	19:00	14.5	24	170	1020.1
69147	11/24/2003	20:00	14.2	15	180	1020.6
69147	11/24/2003	21:00	13.7	11	210	1021.1
69147	11/24/2003	22:00	13.5	15	210	1021.3
69147	11/24/2003	23:00	13.4	15	210	1021.4
69147	11/25/2003	0:00	13.0	13	220	1021.2
69147	11/25/2003	1:00	12.7	11	220	1020.9
69147	11/25/2003	2:00	12.7	9	220	1020.4
69147	11/25/2003	3:00	12.6	11	220	1020.1
69147	11/25/2003	4:00	12.3	13	230	1020.0
69147	11/25/2003	5:00	11.7	11	230	1020.2
69147	11/25/2003	6:00	11.5	11	230	1020.4
69147	11/25/2003	7:00	13.7	13	210	1020.5
69147	11/25/2003	8:00	14.6	18	200	1020.9
69147	11/25/2003	9:00	16.4	21	190	1021.2
69147	11/25/2003	10:00	16.4	24	180	1021.0
69147	11/25/2003	11:00	16.7	17	120	1021.2
69147	11/25/2003	12:00	16.7	17	130	1021.2
69147	11/25/2003	13:00	16.2	26	130	1021.1
69147	11/25/2003	14:00	17.5	28	130	1020.7
69147	11/25/2003	15:00	17.4	28	130	1020.6
69147	11/25/2003	16:00	17.3	28	130	1020.5
69147	11/25/2003	17:00	17.2	26	140	1020.6
69147	11/25/2003	18:00	16.3	24	140	1021.0
69147	11/25/2003	19:00	15.2	18	160	1021.7
69147	11/25/2003	20:00	14.5	15	180	1022.2
69147	11/25/2003	21:00	14.3	13	180	1022.7
69147	11/25/2003	22:00	14.3	15	200	1023.2
69147	11/25/2003	23:00	13.0	11	210	1023.5
69147	11/26/2003	0:00	11.5	9	240	1023.4
69147	11/26/2003	1:00	9.3	2	230	1023.2
69147	11/26/2003	2:00	10.2	9	270	1022.9
69147	11/26/2003	3:00	11.0	8	260	1022.6
69147	11/26/2003	4:00	12.0	9	250	1022.5
69147	11/26/2003	5:00	12.7	9	240	1022.7
69147	11/26/2003	6:00	12.7	8	250	1022.9
69147	11/26/2003	7:00	13.3	8	250	1023.5
69147	11/26/2003	8:00	14.3	8	230	1024.0
69147	11/26/2003	9:00	16.0	18	180	1024.2
69147	11/26/2003	10:00	16.3	17	190	1024.1
69147	11/26/2003	11:00	17.5	21	120	1023.7
69147	11/26/2003	12:00	17.6	15	160	1023.4
69147	11/26/2003	13:00	17.9	22	120	1022.9
69147	11/26/2003	14:00	17.9	21	120	1022.6
69147	11/26/2003	15:00	17.0	22	130	1022.5
69147	11/26/2003	16:00	16.7	24	140	1022.1
69147	11/26/2003	17:00	16.7	26	140	1021.9
69147	11/26/2003	18:00	16.8	28	150	1022.0
69147	11/26/2003	19:00	16.1	22	140	1022.5
69147	11/26/2003	20:00	14.7	21	160	1023.2
69147	11/26/2003	21:00	13.5	4	200	1024.0
69147	11/26/2003	22:00	13.5	13	180	1024.7
69147	11/26/2003	23:00	12.1	8	230	1024.9
69147	11/27/2003	0:00	10.6	8	240	1024.9
69147	11/27/2003	1:00	10.2	9	230	1024.6
69147	11/27/2003	2:00	8.4	8	220	1024.5
69147	11/27/2003	3:00	8.7	5	250	1024.4
69147	11/27/2003	4:00	8.2	0	0	1024.1
69147	11/27/2003	5:00	11.0	13	250	1024.1
69147	11/27/2003	6:00	10.1	9	230	1024.4
69147	11/27/2003	7:00	13.4	8	270	1024.8
69147	11/27/2003	8:00	15.8	17	210	1025.2
69147	11/27/2003	9:00	16.7	18	200	1025.3
69147	11/27/2003	10:00	17.0	18	190	1025.3
69147	11/27/2003	11:00	17.4	11	180	1025.3
69147	11/27/2003	12:00	17.9	13	120	1025.0
69147	11/27/2003	13:00	18.1	21	120	1024.8
69147	11/27/2003	14:00	18.3	21	120	1024.5
69147	11/27/2003	15:00	18.2	21	120	1024.3
69147	11/27/2003	16:00	18.0	18	110	1024.3
69147	11/27/2003	17:00	17.9	18	120	1024.3
69147	11/27/2003	18:00	17.1	17	120	1024.5
69147	11/27/2003	19:00	16.4	15	130	1025.1
69147	11/27/2003	20:00	15.2	13	140	1025.6
69147	11/27/2003	21:00	13.2	8	210	1025.9
69147	11/27/2003	22:00	11.7	8	310	1026.3
69147	11/27/2003	23:00	10.3	0	0	1026.3
69147	11/28/2003	0:00	12.0	8	200	1025.8
69147	11/28/2003	1:00	12.2	5	220	1025.3
69147	11/28/2003	2:00	11.4	8	220	1024.9
69147	11/28/2003	3:00	9.4	5	220	1024.3
69147	11/28/2003	4:00	7.9	4	220	1024.0
69147	11/28/2003	5:00	8.6	9	200	1024.2
69147	11/28/2003	6:00	7.5	5	270	1024.5
69147	11/28/2003	7:00	11.0	0	0	1024.9
69147	11/28/2003	8:00	14.4	0	0	1024.9
69147	11/28/2003	9:00	17.1	11	90	1024.8
69147	11/28/2003	10:00	17.8	17	70	1024.8
69147	11/28/2003	11:00	18.7	18	70	1024.7
69147	11/28/2003	12:00	19.2	18	40	1024.5
69147	11/28/2003	13:00	19.7	21	40	1024.1
69147	11/28/2003	14:00	19.6	21	40	1023.7
69147	11/28/2003	15:00	19.8	22	50	1023.5
69147	11/28/2003	16:00	19.4	21	40	1023.3
69147	11/28/2003	17:00	19.1	21	40	1023.0
69147	11/28/2003	18:00	18.7	17	30	1022.9
69147	11/28/2003	19:00	18.0	15	30	1023.1
69147	11/28/2003	20:00	17.0	13	20	1023.4
69147	11/28/2003	21:00	15.1	2	360	1023.4
69147	11/28/2003	22:00	14.0	8	300	1023.9
69147	11/28/2003	23:00	12.5	5	280	1023.7
69147	11/29/2003	0:00	11.0	0	0	1023.7
69147	11/29/2003	1:00	10.4	4	210	1023.3
69147	11/29/2003	2:00	10.9	9	210	1023.1
69147	11/29/2003	3:00	10.4	8	210	1022.6
69147	11/29/2003	4:00	10.1	8	200	1022.5
69147	11/29/2003	5:00	9.7	8	210	1022.7
69147	11/29/2003	6:00	9.8	9	210	1022.8
69147	11/29/2003	7:00	12.0	5	200	1023.1
69147	11/29/2003	8:00	16.4	4	310	1023.3
69147	11/29/2003	9:00	20.0	13	360	1023.1
69147	11/29/2003	10:00	20.3	18	50	1022.7
69147	11/29/2003	11:00	20.9	26	40	1022.5
69147	11/29/2003	12:00	20.8	26	40	1022.2
69147	11/29/2003	13:00	21.4	30	40	1021.7
69147	11/29/2003	14:00	22.4	28	40	1021.2
69147	11/29/2003	16:00	21.3	26	30	1020.5
69147	11/29/2003	17:00	21.0	21	30	1020.2
69147	11/29/2003	18:00	20.5	18	30	1019.8
69147	11/29/2003	19:00	19.8	21	40	1020.0
69147	11/29/2003	20:00	18.5	18	40	1020.4
69147	11/29/2003	21:00	18.2	18	30	1020.7
69147	11/29/2003	22:00	18.1	15	30	1021.0
69147	11/29/2003	23:00	18.0	8	30	1020.9
69147	11/30/2003	0:00	18.2	8	360	1020.7
69147	11/30/2003	1:00	18.6	9	360	1020.2
69147	11/30/2003	2:00	17.7	11	20	1019.4
69147	11/30/2003	3:00	15.8	8	320	1019.0
69147	11/30/2003	4:00	14.5	4	310	1018.8
69147	11/30/2003	5:00	13.1	0	0	1018.6
69147	11/30/2003	6:00	12.6	0	0	1018.7
69147	11/30/2003	7:00	14.4	0	0	1018.8
69147	11/30/2003	8:00	18.3	5	110	1018.8
69147	11/30/2003	9:00	20.5	13	10	1018.6
69147	11/30/2003	10:00	20.9	17	50	1018.1
69147	11/30/2003	11:00	22.1	22	40	1017.3
69147	11/30/2003	12:00	23.1	26	40	1016.9
69147	11/30/2003	13:00	24.2	24	30	1015.9
69147	11/30/2003	14:00	22.9	24	30	1015.0
69147	11/30/2003	15:00	23.3	17	30	1014.5
69147	11/30/2003	16:00	22.3	13	50	1014.2
69147	11/30/2003	17:00	22.5	8	20	1014.6
69147	11/30/2003	18:00	21.7	8	190	1014.8
69147	11/30/2003	19:00	21.8	13	250	1014.1
69147	11/30/2003	20:00	19.9	13	30	1014.3
69147	11/30/2003	21:00	19.5	5	270	1014.9
69147	11/30/2003	22:00	18.9	9	210	1015.1
69147	11/30/2003	23:00	18.2	8	20	1014.3
