929 1726
942 1772
983 1834
1061 1912
1110 1957
1137 2010
1185 2082
1234 2169
1285 2214
1343 2259
1411 2299
1473 2327
1501 2335
1536 2344
1571 2348
1623 2353
1653 2353
1694 2347
1734 2339
1776 2322
1812 2302
1834 2276
1850 2252
1869 2214
1890 2134
1894 2082
1883 2023
1867 1971
1864 1906
1838 1871
1825 1857
1815 1859
1802 1865
1784 1893
1770 1933
1753 1984
1760 2020
1776 2079
1776 2190
1756 2241
1720 2276
1681 2290
1637 2297
1608 2301
1571 2302
1520 2297
1481 2282
1447 2268
1336 2182
1291 2140
1217 2045
1175 1933
1152 1859
1130 1827
1113 1810
1099 1791
1096 1757
1086 1707
1082 1676
1082 1630
1086 1600
1078 1559
1075 1550
1064 1544
1041 1550
979 1576
945 1611
921 1626
925 1667
924 1696
929 1726