1768 1754
1771 1760
1770 1778
1771 1793
1768 1812
1757 1831
1740 1842
1725 1849
1703 1856
1676 1856
1656 1850
1633 1850
1617 1861
1606 1867
1589 1867
1576 1854
1568 1850
1560 1850
1547 1853
1530 1855
1521 1868
1509 1879
1494 1885
1459 1885
1436 1883
1425 1878
1407 1877
1385 1875
1371 1870
1357 1865
1343 1860
1326 1855
1312 1848
1296 1848
1284 1848
1275 1845
1259 1849
1248 1837
1239 1825
1234 1815
1226 1807
1217 1797
1209 1787
1209 1770
1225 1762
1271 1762
1303 1780
1316 1791
1331 1795
1338 1806
1368 1806
1383 1813
1401 1826
1432 1831
1499 1831
1501 1806
1536 1806
1542 1800
1559 1795
1559 1782
1564 1768
1597 1773
1672 1783
1712 1782
1754 1769
1768 1754