-1472 2318
-1497 2419
-1524 2475
-1562 2503
-1576 2527
-1586 2545
-1586 2568
-1575 2580
-1562 2589
-1536 2586
-1510 2557
-1496 2507
-1491 2465
-1478 2401
-1458 2351
-1448 2312
-1433 2277
-1395 2245
-1344 2214
-1272 2176
-1207 2149
-1154 2135
-1103 2140
-1052 2142
-1006 2147
-964 2146
-920 2132
-897 2119
-860 2091
-822 2043
-811 1986
-814 1910
-814 1858
-806 1797
-784 1743
-753 1687
-714 1626
-667 1588
-615 1555
-550 1510
-481 1473
-421 1449
-339 1423
-267 1408
-164 1371
-75 1302
-11 1258
15 1258
47 1267
93 1319
162 1363
209 1393
271 1440
320 1473
366 1485
407 1482
498 1485
543 1478
598 1485
625 1497
642 1519
658 1516
665 1504
660 1482
641 1469
608 1453
588 1449
546 1441
503 1441
448 1441
409 1444
386 1449
365 1444
356 1429
351 1418
348 1391
353 1375
363 1353
371 1338
382 1331
406 1280
95 1133
-211 1138
-349 1175
-784 1428
-961 1555
-961 1660
-911 1727
-876 1928
-889 2049
-926 2092
-988 2100
-1085 2097
-1140 2092
-1191 2114
-1383 2207
-1456 2251
-1472 2318