-325 582
-315 581
-302 587
-281 598
-257 611
-228 621
-193 635
-129 657
-60 678
-15 691
21 697
73 707
102 710
140 716
167 724
193 736
223 757
262 782
307 794
343 794
387 794
417 798
460 828
492 852
522 878
566 906
583 932
604 963
628 1013
669 1061
711 1101
733 1132
774 1159
793 1184
813 1210
843 1231
885 1267
910 1301
935 1319
940 1342
932 1350
916 1345
896 1322
879 1301
866 1287
850 1291
814 1259
751 1203
683 1143
616 1078
578 1037
552 1024
547 1006
517 977
472 942
430 915
390 890
361 868
324 861
278 852
237 852
231 856
239 878
270 894
288 894
299 911
322 926
337 926
354 930
373 940
390 955
367 975
356 988
340 1002
307 992
291 968
274 960
267 945
237 932
209 932
191 915
174 908
182 902
191 873
174 868
152 864
136 868
131 897
103 884
78 861
43 840
24 815
3 781
-26 745
-61 741
-78 724
-105 724
-121 731
-127 748
-127 763
-113 775
-105 798
-107 811
-119 811
-148 794
-180 768
-195 750
-211 731
-236 711
-259 691
-288 662
-319 616
-326 595
-325 582