-1103 -911
-1087 -928
-1078 -949
-1056 -974
-1045 -989
-1021 -1021
-1009 -1036
-986 -1067
-970 -1090
-944 -1118
-930 -1138
-917 -1155
-884 -1180
-871 -1185
-860 -1184
-846 -1172
-833 -1155
-822 -1129
-814 -1105
-797 -1072
-781 -1046
-765 -1034
-740 -1029
-713 -1031
-677 -1036
-645 -1038
-623 -1041
-598 -1043
-582 -1036
-580 -1019
-601 -1003
-639 -964
-663 -946
-683 -912
-729 -868
-754 -851
-773 -830
-789 -830
-800 -847
-810 -871
-822 -898
-828 -933
-833 -962
-846 -1003
-862 -1041
-881 -1068
-904 -1075
-925 -1075
-944 -1070
-953 -1055
-959 -1029
-949 -991
-941 -960
-930 -940
-925 -908
-933 -893
-946 -887
-961 -898
-963 -922
-975 -953
-993 -964
-1014 -970
-1032 -960
-1042 -940
-1048 -917
-1056 -896
-1070 -875
-1081 -855
-1103 -851
-1114 -868
-1103 -911