988 1514
911 1415
795 1326
728 1281
710 1276
692 1283
679 1294
669 1295
649 1295
624 1280
597 1271
578 1267
540 1267
514 1267
411 1271
172 1173
52 1135
-48 1125
-556 1106
-608 930
-768 852
-1047 755
-1110 638
-1100 563
-1107 487
-1160 400
-1210 337
-1322 222
-1381 236
-1432 260
-1456 337
-1518 379
-1633 336
-1783 350
-1817 393
-1788 439
-1733 487
-1695 547
-1722 659
-1981 753
-2042 803
-2005 864
-1918 930
-1918 988
-1918 1065
-1892 1207
-2092 1420
-2188 1602
-2218 1717
-2188 1894
-2156 2083
-2092 2174
-1992 2249
-1942 2276
-1892 2340
-1930 2355
-1967 2362
-1992 2362
-2042 2344
-2092 2338
-2144 2310
-2200 2276
-2244 2223
-2294 2134
-2318 2024
-2336 1891
-2327 1793
-2318 1716
-2300 1643
-2276 1588
-2213 1500
-2156 1413
-2092 1321
-2064 1258
-2050 1194
-2053 1167
-2080 1108
-2115 1033
-2126 983
-2156 885
-2170 833
-2175 789
-2163 712
-2144 659
-1946 487
-1992 381
-1979 306
-1845 250
-1733 231
-1633 212
-1524 148
-1368 115
-1306 135
-1264 166
-1218 204
-1147 236
-1095 252
-1049 277
-994 272
-933 262
-895 252
-844 220
-828 205
-818 182
-782 177
-733 72
-823 -37
-1081 -236
-1145 -396
-1306 -820
-1245 -961
-1107 -1126
-950 -1244
-819 -1274
-727 -1238
-671 -1149
-544 -1090
-502 -1011
-459 -781
-485 -630
-479 -585
-399 -462
-523 -396
-590 -268
-457 110
-531 236
-477 459
-54 680
73 768
321 823
541 940
643 1091
854 1236
974 1363
1052 1443
1036 1476
1017 1499
988 1514