-2553 2742
-2501 2715
-2466 2687
-2429 2638
-2410 2588
-2393 2523
-2356 2479
-2341 2452
-2308 2444
-2261 2452
-2223 2452
-2176 2454
-2124 2445
-2090 2429
-2078 2409
-2078 2391
-2092 2371
-2127 2360
-2154 2352
-2191 2352
-2235 2326
-2259 2301
-2276 2270
-2301 2232
-2314 2190
-2320 2161
-2320 2124
-2318 2119
-2308 2124
-2301 2127
-2301 2105
-2305 2079
-2311 2052
-2318 2010
-2323 1988
-2330 2027
-2344 2060
-2366 2093
-2396 2121
-2434 2166
-2483 2201
-2522 2246
-2562 2301
-2584 2355
-2606 2416
-2612 2459
-2606 2493
-2581 2512
-2557 2546
-2544 2582
-2541 2631
-2531 2679
-2541 2709
-2557 2738
-2553 2742