-752 1161
-736 1153
-724 1148
-713 1145
-687 1146
-653 1156
-628 1168
-604 1176
-583 1180
-551 1176
-529 1173
-476 1161
-346 1136
-255 1125
-187 1119
-94 1114
-22 1112
15 1117
69 1136
116 1161
155 1182
207 1203
263 1223
305 1235
345 1247
414 1266
489 1279
522 1279
537 1270
582 1270
597 1275
621 1289
705 1314
739 1362
804 1380
850 1403
896 1430
934 1504
942 1520
921 1568
878 1599
869 1634
828 1605
787 1562
724 1524
708 1487
659 1454
626 1431
576 1417
490 1415
418 1406
387 1395
394 1370
392 1343
381 1308
371 1292
363 1287
346 1272
315 1258
271 1241
230 1229
168 1215
135 1201
97 1179
52 1165
11 1157
-64 1147
-155 1144
-227 1150
-262 1153
-296 1157
-341 1162
-388 1168
-455 1179
-491 1187
-528 1195
-576 1203
-605 1202
-632 1195
-644 1189
-669 1176
-694 1169
-713 1168
-734 1173
-755 1182
-771 1200
-781 1229
-799 1277
-791 1236
-785 1214
-775 1189
-765 1174
-752 1161