-2669 2936
-2659 2907
-2636 2876
-2610 2852
-2585 2827
-2557 2814
-2521 2776
-2449 2713
-2408 2684
-2379 2656
-2363 2626
-2334 2581
-2310 2540
-2293 2503
-2267 2477
-2244 2471
-2206 2474
-2166 2492
-2134 2521
-2111 2531
-2079 2550
-2034 2558
-1989 2566
-1952 2570
-2026 2579
-2100 2596
-2148 2615
-2203 2643
-2261 2678
-2322 2705
-2339 2732
-2368 2769
-2387 2789
-2435 2803
-2465 2808
-2487 2834
-2504 2847
-2538 2852
-2565 2858
-2590 2879
-2626 2892
-2643 2923
-2662 2946
-2669 2936