-835 227
-831 233
-823 236
-817 236
-806 234
-793 229
-782 222
-750 201
-733 176
-720 151
-715 119
-715 75
-720 22
-747 -13
-784 -69
-843 -112
-872 -138
-932 -186
-986 -241
-1035 -301
-1064 -373
-1088 -453
-1126 -562
-1149 -615
-1175 -701
-1184 -737
-1185 -777
-1180 -821
-1168 -867
-1136 -929
-1075 -1038
-1004 -1139
-959 -1181
-898 -1211
-838 -1233
-806 -1238
-767 -1243
-775 -1228
-773 -1216
-765 -1196
-749 -1175
-742 -1141
-731 -1110
-708 -1095
-680 -1090
-643 -1090
-617 -1092
-598 -1090
-581 -1072
-552 -1047
-529 -1016
-520 -982
-515 -929
-515 -863
-511 -786
-510 -721
-508 -668
-502 -654
-489 -642
-469 -651
-442 -703
-455 -830
-466 -962
-497 -1076
-566 -1123
-643 -1134
-695 -1196
-786 -1268
-898 -1302
-1032 -1264
-1140 -1130
-1286 -840
-1289 -671
-1219 -538
-1168 -456
-1104 -256
-998 -139
-919 -69
-823 -11
-765 33
-753 73
-757 107
-766 136
-778 161
-784 172
-816 176
-823 197
-833 212
-835 221
-835 227