-2148 665
-2121 641
-2093 631
-2073 625
-2046 615
-2014 591
-1991 572
-1966 563
-1939 550
-1909 520
-1884 489
-1875 441
-1888 411
-1915 387
-1953 362
-1956 329
-1946 302
-1932 290
-1906 278
-1877 269
-1840 257
-1799 250
-1757 246
-1728 246
-1662 238
-1628 216
-1572 192
-1536 163
-1501 151
-1446 139
-1402 133
-1358 130
-1326 127
-1303 130
-1334 117
-1337 98
-1348 83
-1371 77
-1399 77
-1440 90
-1501 111
-1560 136
-1614 151
-1672 181
-1693 185
-1713 198
-1748 192
-1787 185
-1823 189
-1868 202
-1891 229
-1923 250
-1949 260
-1977 276
-2018 281
-2049 284
-2062 306
-2079 333
-2114 338
-2138 338
-2144 333
-2162 346
-2193 346
-2219 331
-2251 325
-2278 300
-2309 288
-2326 288
-2343 300
-2343 315
-2302 346
-2244 374
-2200 411
-2152 452
-2118 491
-2097 523
-2083 541
-2087 566
-2108 557
-2121 563
-2138 568
-2159 585
-2183 582
-2206 585
-2216 588
-2216 601
-2200 607
-2179 607
-2144 609
-2141 621
-2148 646
-2148 665