-2010 823
-2001 794
-1988 779
-1953 766
-1913 758
-1878 747
-1834 745
-1808 739
-1771 737
-1743 724
-1721 701
-1707 676
-1694 650
-1687 621
-1674 590
-1664 552
-1664 529
-1669 506
-1686 489
-1711 473
-1752 442
-1778 427
-1784 408
-1776 377
-1746 355
-1690 350
-1643 350
-1603 355
-1546 383
-1508 404
-1478 434
-1446 458
-1420 476
-1393 476
-1381 464
-1375 443
-1386 403
-1398 374
-1405 332
-1404 300
-1404 270
-1386 241
-1362 230
-1344 234
-1314 242
-1291 267
-1271 293
-1239 330
-1213 360
-1194 386
-1163 427
-1136 460
-1126 483
-1119 518
-1118 559
-1124 592
-1124 629
-1116 676
-1106 701
-1097 723
-1081 739
-1062 772
-1055 796
-1052 829
-1053 864
-1065 948
-1068 1008
-1063 1078
-1058 1116
-1048 1173
-1041 1231
-1040 1291
-1034 1338
-1023 1394
-1010 1435
-1010 1490
-1010 1608
-988 1672
-944 1713
-926 1766
-918 1803
-901 1909
-896 1954
-896 1998
-901 2027
-910 2050
-926 2063
-948 2075
-975 2084
-1001 2087
-1040 2084
-1097 2078
-1134 2078
-1161 2084
-1185 2092
-1221 2110
-1256 2128
-1287 2143
-1339 2167
-1370 2178
-1392 2188
-1418 2201
-1439 2217
-1475 2245
-1496 2272
-1512 2303
-1521 2333
-1526 2362
-1533 2391
-1538 2423
-1544 2446
-1558 2474
-1564 2500
-1568 2522
-1566 2541
-1554 2549
-1536 2545
-1518 2527
-1509 2507
-1505 2485
-1496 2446
-1488 2404
-1478 2354
-1471 2325
-1462 2297
-1430 2259
-1391 2231
-1352 2201
-1299 2175
-1251 2149
-1210 2132
-1168 2112
-1136 2108
-1097 2110
-1049 2112
-1010 2112
-975 2112
-935 2108
-910 2097
-874 2063
-857 2032
-845 2001
-839 1963
-840 1923
-847 1881
-853 1831
-863 1775
-878 1743
-895 1704
-918 1661
-935 1622
-926 1612
-910 1612
-874 1612
-831 1608
-791 1593
-759 1580
-731 1564
-689 1538
-645 1504
-607 1478
-566 1436
-532 1409
-506 1376
-466 1353
-410 1332
-374 1311
-348 1290
-296 1226
-278 1197
-265 1163
-132 1170
-62 1177
21 1187
105 1207
225 1241
305 1271
374 1295
413 1307
452 1319
493 1319
520 1309
541 1291
531 1262
492 1251
440 1237
418 1222
391 1197
361 1181
336 1178
287 1170
256 1154
235 1138
230 1116
243 1102
243 1078
247 1042
237 1017
213 1017
192 1016
184 997
165 989
143 994
124 997
110 1002
85 1017
57 1025
45 1042
32 1062
11 1062
-10 1058
-31 1052
-50 1052
-68 1058
-92 1081
-109 1090
-142 1090
-154 1090
-169 1081
-174 1069
-172 1052
-176 1027
-185 997
-204 968
-222 934
-247 902
-296 849
-319 807
-327 794
-332 785
-344 772
-361 758
-379 741
-401 729
-434 708
-466 681
-493 655
-527 644
-545 644
-553 666
-566 676
-576 676
-593 666
-602 650
-611 639
-623 629
-636 620
-665 622
-685 610
-693 592
-712 579
-716 589
-739 589
-770 589
-800 589
-838 605
-870 620
-897 639
-935 672
-948 683
-966 689
-983 694
-1010 687
-1027 681
-1046 663
-1062 644
-1075 629
-1089 608
-1086 577
-1085 547
-1082 512
-1086 480
-1090 442
-1108 407
-1127 378
-1163 329
-1198 292
-1233 263
-1279 225
-1309 206
-1348 194
-1387 189
-1413 192
-1435 204
-1448 225
-1464 248
-1480 271
-1497 290
-1520 309
-1538 322
-1558 329
-1584 324
-1598 322
-1627 319
-1665 316
-1704 315
-1731 311
-1776 313
-1813 320
-1834 322
-1852 336
-1865 357
-1861 386
-1844 407
-1821 424
-1786 454
-1760 473
-1737 489
-1730 511
-1734 529
-1743 552
-1752 592
-1769 614
-1783 629
-1805 644
-1839 655
-1878 665
-1910 672
-1975 683
-2019 694
-2048 707
-2081 732
-2102 756
-2107 787
-2102 807
-2085 826
-2049 846
-2015 868
-1988 889
-1965 907
-1953 926
-1941 972
-1937 1008
-1935 1050
-1935 1096
-1939 1131
-1957 1178
-1974 1212
-2010 1262
-2035 1293
-2080 1355
-2122 1423
-2160 1488
-2191 1545
-2226 1634
-2238 1678
-2239 1713
-2239 1759
-2230 1819
-2216 1871
-2204 1939
-2195 1998
-2181 2059
-2165 2106
-2146 2149
-2085 2213
-2040 2250
-1991 2282
-1952 2314
-1926 2347
-1852 2386
-1834 2383
-1830 2371
-1842 2354
-1861 2336
-1903 2318
-1921 2304
-1933 2262
-1947 2248
-1987 2228
-2019 2216
-2060 2195
-2107 2142
-2138 2070
-2160 1993
-2174 1902
-2205 1738
-2188 1625
-2162 1560
-2116 1480
-2082 1426
-2040 1371
-1997 1323
-1952 1294
-1894 1280
-1844 1259
-1813 1232
-1768 1186
-1748 1145
-1734 1109
-1734 1093
-1756 1085
-1794 1101
-1827 1107
-1868 1109
-1888 1091
-1898 1058
-1899 1012
-1905 965
-1917 921
-1934 894
-1967 859
-1994 848
-2010 823