-778 32
-764 17
-767 3
-778 -12
-813 -39
-871 -79
-924 -119
-969 -164
-1001 -195
-1037 -241
-1081 -304
-1103 -364
-1111 -422
-1144 -486
-1183 -579
-1219 -648
-1231 -683
-1236 -720
-1240 -756
-1236 -793
-1226 -842
-1211 -885
-1179 -946
-1138 -1023
-1100 -1091
-1049 -1160
-1004 -1204
-938 -1249
-884 -1273
-840 -1277
-813 -1268
-787 -1255
-758 -1237
-732 -1213
-707 -1168
-692 -1139
-669 -1122
-633 -1120
-589 -1116
-553 -1098
-523 -1067
-505 -1027
-492 -978
-482 -895
-477 -811
-474 -752
-474 -708
-474 -652
-429 -688
-385 -717
-350 -755
-358 -830
-371 -869
-375 -921
-385 -974
-389 -998
-415 -1007
-438 -1020
-438 -1055
-448 -1084
-483 -1099
-519 -1127
-558 -1160
-594 -1192
-625 -1225
-679 -1237
-725 -1250
-758 -1277
-782 -1305
-809 -1328
-858 -1337
-933 -1337
-996 -1320
-1099 -1273
-1161 -1225
-1232 -1144
-1300 -1075
-1326 -1007
-1362 -914
-1362 -830
-1358 -728
-1317 -631
-1246 -490
-1188 -390
-1170 -301
-1121 -228
-1054 -152
-978 -75
-942 -30
-929 -47
-880 -11
-832 4
-795 24
-778 32