144 674
96 666
42 655
2 643
-37 632
-78 621
-119 609
-156 597
-200 582
-242 559
-276 542
-306 521
-333 494
-362 460
-378 429
-395 399
-410 355
-422 311
-438 238
-446 182
-461 121
-467 76
-480 15
-489 -34
-498 -89
-506 -116
-511 -139
-526 -173
-547 -224
-576 -277
-615 -327
-639 -368
-656 -401
-656 -418
-649 -442
-637 -453
-629 -458
-605 -464
-552 -468
-516 -466
-481 -460
-456 -456
-424 -449
-379 -438
-345 -388
-308 -344
-276 -307
-242 -257
-219 -226
-200 -208
-184 -193
-175 -175
-170 -150
-170 -125
-182 -97
-200 -74
-210 -56
-211 -26
-216 1
-214 29
-214 65
-210 97
-202 128
-187 163
-168 194
-152 230
-128 287
-95 340
-68 383
-45 418
-21 455
7 497
32 536
60 573
74 588
86 602
100 619
114 638
144 674