904 1811
904 1869
904 1893
914 1937
941 1963
984 1991
1005 2022
1051 2049
1069 2089
1081 2140
1086 2167
1075 2189
1081 2230
1097 2259
1136 2283
1143 2274
1138 2249
1136 2228
1143 2226
1153 2240
1177 2274
1212 2308
1249 2339
1276 2366
1316 2392
1359 2414
1400 2426
1436 2433
1497 2440
1533 2441
1572 2433
1612 2423
1633 2414
1647 2405
1657 2396
1666 2388
1657 2378
1632 2390
1612 2400
1580 2403
1555 2403
1529 2401
1495 2397
1462 2389
1424 2378
1394 2366
1360 2348
1329 2330
1287 2303
1234 2260
1200 2223
1172 2178
1126 2128
1090 2080
1056 2036
1036 2009
1017 1982
978 1931
943 1891
924 1859
925 1842
933 1831
904 1811