-967 463
-944 436
-906 411
-880 371
-846 342
-833 309
-814 297
-776 297
-737 285
-711 276
-680 268
-658 259
-628 238
-601 216
-567 176
-547 132
-538 103
-535 55
-533 24
-522 21
-506 64
-502 144
-492 206
-478 276
-470 346
-461 378
-445 415
-424 453
-407 481
-389 510
-366 533
-361 542
-361 551
-377 554
-407 544
-424 533
-449 527
-473 533
-484 544
-486 566
-484 584
-492 589
-506 579
-519 563
-550 551
-572 536
-580 522
-580 510
-559 512
-538 517
-531 502
-552 480
-580 453
-596 437
-628 428
-688 430
-729 428
-742 428
-748 445
-754 465
-767 467
-784 465
-808 457
-836 455
-865 451
-893 451
-919 457
-930 469
-946 472
-963 472
-967 463