1767 2036
1752 2036
1741 2034
1731 2022
1720 2025
1707 2032
1690 2042
1679 2050
1668 2071
1662 2093
1668 2115
1674 2144
1695 2161
1722 2161
1736 2165
1743 2175
1743 2188
1738 2206
1734 2225
1724 2237
1711 2248
1694 2259
1677 2267
1656 2276
1629 2280
1593 2286
1552 2287
1521 2280
1482 2265
1427 2236
1390 2207
1354 2180
1325 2155
1295 2130
1268 2089
1254 2053
1238 2032
1223 2010
1209 1988
1207 1972
1213 1951
1223 1945
1247 1947
1280 1956
1303 1964
1332 1964
1370 1956
1394 1949
1399 1950
1404 1951
1411 1953
1408 1959
1399 1969
1384 1981
1373 1993
1361 2007
1356 2029
1361 2050
1368 2059
1377 2062
1389 2062
1404 2056
1416 2049
1425 2043
1437 2036
1451 2027
1469 2014
1477 2006
1482 1997
1482 1985
1480 1974
1484 1951
1489 1932
1507 1918
1530 1909
1548 1893
1563 1883
1568 1879
1572 1874
1572 1870
1571 1862
1565 1857
1556 1853
1547 1851
1530 1854
1510 1877
1493 1885
1464 1885
1442 1883
1423 1877
1415 1877
1385 1874
1364 1866
1340 1859
1311 1847
1291 1847
1275 1845
1254 1851
1244 1859
1238 1861
1221 1859
1207 1859
1192 1859
1173 1853
1156 1847
1139 1837
1130 1842
1128 1859
1125 1879
1133 1897
1145 1928
1170 1984
1187 2018
1203 2049
1221 2076
1256 2122
1275 2144
1306 2180
1351 2217
1397 2250
1442 2278
1482 2300
1517 2314
1542 2319
1585 2325
1638 2322
1686 2308
1720 2292
1757 2267
1789 2240
1803 2209
1810 2175
1812 2140
1807 2105
1798 2079
1790 2062
1784 2045
1776 2029
1767 2036