274.00000	-0.19
274.01042	-0.27
274.02083	-0.36
274.03125	-0.40
274.04167	-0.46
274.05208	-0.57
274.06250	-0.59
274.07292	-0.64
274.08333	-0.67
274.09375	-0.71
274.10417	-0.75
274.11458	-0.75
274.12500	-0.73
274.13542	-0.73
274.14583	-0.75
274.15625	-0.72
274.16667	-0.66
274.17708	-0.60
274.18750	-0.60
274.19792	-0.56
274.20833	-0.42
274.21875	-0.38
274.22917	-0.30
274.23958	-0.25
274.25000	-0.17
274.26042	-0.06
274.27083	0.00
274.28125	0.03
274.29167	0.11
274.30208	0.23
274.31250	0.25
274.32292	0.33
274.33333	0.32
274.34375	0.39
274.35417	0.45
274.36458	0.46
274.37500	0.47
274.38542	0.45
274.39583	0.48
274.40625	0.47
274.41667	0.43
274.42708	0.38
274.43750	0.37
274.44792	0.29
274.45833	0.26
274.46875	0.19
274.47917	0.08
274.48958	0.06
274.50000	-0.04
274.51042	-0.14
274.52083	-0.19
274.53125	-0.25
274.54167	-0.35
274.55208	-0.39
274.56250	-0.49
274.57292	-0.54
274.58333	-0.54
274.59375	-0.64
274.60417	-0.65
274.61458	-0.69
274.62500	-0.69
274.63542	-0.68
274.64583	-0.72
274.65625	-0.72
274.66667	-0.69
274.67708	-0.67
274.68750	-0.64
274.69792	-0.61
274.70833	-0.57
274.71875	-0.51
274.72917	-0.43
274.73958	-0.42
274.75000	-0.31
274.76042	-0.23
274.77083	-0.20
274.78125	-0.14
274.79167	-0.08
274.80208	0.01
274.81250	0.06
274.82292	0.12
274.83333	0.12
274.84375	0.20
274.85417	0.26
274.86458	0.24
274.87500	0.29
274.88542	0.29
274.89583	0.30
274.90625	0.30
274.91667	0.29
274.92708	0.28
274.93750	0.25
274.94792	0.21
274.95833	0.18
274.96875	0.10
274.97917	0.03
274.98958	0.04
275.00000	-0.11
275.01042	-0.16
275.02083	-0.20
275.03125	-0.29
275.04167	-0.29
275.05208	-0.38
275.06250	-0.50
275.07292	-0.47
275.08333	-0.51
275.09375	-0.59
275.10417	-0.62
275.11458	-0.66
275.12500	-0.65
275.13542	-0.66
275.14583	-0.66
275.15625	-0.70
275.16667	-0.65
275.17708	-0.61
275.18750	-0.61
275.19792	-0.55
275.20833	-0.55
275.21875	-0.48
275.22917	-0.38
275.23958	-0.36
275.25000	-0.28
275.26042	-0.24
275.27083	-0.13
275.28125	-0.04
275.29167	-0.03
275.30208	0.05
275.31250	0.14
275.32292	0.21
275.33333	0.25
275.34375	0.27
275.35417	0.34
275.36458	0.40
275.37500	0.45
275.38542	0.43
275.39583	0.45
275.40625	0.50
275.41667	0.48
275.42708	0.47
275.43750	0.45
275.44792	0.41
275.45833	0.38
275.46875	0.34
275.47917	0.27
275.48958	0.20
275.50000	0.16
275.51042	0.09
275.52083	-0.01
275.53125	-0.08
275.54167	-0.15
275.55208	-0.22
275.56250	-0.27
275.57292	-0.36
275.58333	-0.44
275.59375	-0.47
275.60417	-0.51
275.61458	-0.57
275.62500	-0.63
275.63542	-0.66
275.64583	-0.65
275.65625	-0.69
275.66667	-0.69
275.67708	-0.71
275.68750	-0.69
275.69792	-0.66
275.70833	-0.66
275.71875	-0.62
275.72917	-0.60
275.73958	-0.56
275.75000	-0.49
275.76042	-0.43
275.77083	-0.36
275.78125	-0.35
275.79167	-0.24
275.80208	-0.22
275.81250	-0.15
275.82292	-0.07
275.83333	-0.05
275.84375	0.04
275.85417	0.05
275.86458	0.07
275.87500	0.16
275.88542	0.17
275.89583	0.20
275.90625	0.22
275.91667	0.20
275.92708	0.24
275.93750	0.25
275.94792	0.21
275.95833	0.19
275.96875	0.15
275.97917	0.16
275.98958	0.12
276.00000	0.05
276.01042	-0.03
276.02083	-0.04
276.03125	-0.10
276.04167	-0.17
276.05208	-0.24
276.06250	-0.31
276.07292	-0.31
276.08333	-0.37
276.09375	-0.42
276.10417	-0.48
276.11458	-0.51
276.12500	-0.54
276.13542	-0.56
276.14583	-0.56
276.15625	-0.62
276.16667	-0.59
276.17708	-0.60
276.18750	-0.59
276.19792	-0.55
276.20833	-0.54
276.21875	-0.50
276.22917	-0.48
276.23958	-0.40
276.25000	-0.37
276.26042	-0.35
276.27083	-0.23
276.28125	-0.21
276.29167	-0.15
276.30208	-0.05
276.31250	-0.01
276.32292	0.05
276.33333	0.12
276.34375	0.19
276.35417	0.22
276.36458	0.30
276.37500	0.32
276.38542	0.35
276.39583	0.42
276.40625	0.42
276.41667	0.43
276.42708	0.46
276.43750	0.45
276.44792	0.44
276.45833	0.43
276.46875	0.40
276.47917	0.37
276.48958	0.32
276.50000	0.29
276.51042	0.24
276.52083	0.16
276.53125	0.10
276.54167	0.03
276.55208	-0.04
276.56250	-0.10
276.57292	-0.18
276.58333	-0.26
276.59375	-0.29
276.60417	-0.37
276.61458	-0.42
276.62500	-0.47
276.63542	-0.53
276.64583	-0.58
276.65625	-0.59
276.66667	-0.64
276.67708	-0.68
276.68750	-0.66
276.69792	-0.68
276.70833	-0.69
276.71875	-0.68
276.72917	-0.68
276.73958	-0.65
276.75000	-0.63
276.76042	-0.59
276.77083	-0.58
276.78125	-0.51
276.79167	-0.46
276.80208	-0.42
276.81250	-0.39
276.82292	-0.33
276.83333	-0.26
276.84375	-0.23
276.85417	-0.18
276.86458	-0.15
276.87500	-0.12
276.88542	-0.03
276.89583	-0.02
276.90625	-0.01
276.91667	0.04
276.92708	0.07
276.93750	0.06
276.94792	0.12
276.95833	0.06
276.96875	0.09
276.97917	0.12
276.98958	0.02
277.00000	0.02
277.01042	0.01
277.02083	-0.04
277.03125	-0.05
277.04167	-0.12
277.05208	-0.18
277.06250	-0.18
277.07292	-0.27
277.08333	-0.28
277.09375	-0.33
277.10417	-0.40
277.11458	-0.40
277.12500	-0.44
277.13542	-0.48
277.14583	-0.49
277.15625	-0.51
277.16667	-0.52
277.17708	-0.55
277.18750	-0.53
277.19792	-0.51
277.20833	-0.53
277.21875	-0.50
277.22917	-0.49
277.23958	-0.45
277.25000	-0.43
277.26042	-0.37
277.27083	-0.34
277.28125	-0.30
277.29167	-0.22
277.30208	-0.19
277.31250	-0.10
277.32292	-0.05
277.33333	0.01
277.34375	0.06
277.35417	0.11
277.36458	0.19
277.37500	0.24
277.38542	0.30
277.39583	0.31
277.40625	0.33
277.41667	0.41
277.42708	0.43
277.43750	0.43
277.44792	0.45
277.45833	0.44
277.46875	0.48
277.47917	0.46
277.48958	0.42
277.50000	0.39
277.51042	0.37
277.52083	0.36
277.53125	0.29
277.54167	0.21
277.55208	0.18
277.56250	0.14
277.57292	0.08
277.58333	-0.01
277.59375	-0.08
277.60417	-0.12
277.61458	-0.15
277.62500	-0.22
277.63542	-0.30
277.64583	-0.35
277.65625	-0.37
277.66667	-0.42
277.67708	-0.46
277.68750	-0.51
277.69792	-0.54
277.70833	-0.54
277.71875	-0.55
277.72917	-0.57
277.73958	-0.59
277.75000	-0.57
277.76042	-0.56
277.77083	-0.57
277.78125	-0.54
277.79167	-0.54
277.80208	-0.47
277.81250	-0.46
277.82292	-0.45
277.83333	-0.36
277.84375	-0.36
277.85417	-0.30
277.86458	-0.26
277.87500	-0.25
277.88542	-0.16
277.89583	-0.15
277.90625	-0.13
277.91667	-0.03
277.92708	-0.04
277.93750	-0.03
277.94792	0.02
277.95833	0.04
277.96875	0.02
277.97917	0.05
277.98958	0.06
278.00000	0.03
278.01042	0.07
278.02083	0.03
278.03125	-0.02
278.04167	-0.01
278.05208	-0.03
278.06250	-0.08
278.07292	-0.10
278.08333	-0.16
278.09375	-0.18
278.10417	-0.18
278.11458	-0.24
278.12500	-0.29
278.13542	-0.32
278.14583	-0.32
278.15625	-0.33
278.16667	-0.39
278.17708	-0.38
278.18750	-0.40
278.19792	-0.39
278.20833	-0.38
278.21875	-0.42
278.22917	-0.41
278.23958	-0.38
278.25000	-0.35
278.26042	-0.36
278.27083	-0.35
278.28125	-0.30
278.29167	-0.26
278.30208	-0.22
278.31250	-0.20
278.32292	-0.13
278.33333	-0.08
278.34375	-0.03
278.35417	0.02
278.36458	0.05
278.37500	0.10
278.38542	0.19
278.39583	0.22
278.40625	0.24
278.41667	0.27
278.42708	0.31
278.43750	0.38
278.44792	0.37
278.45833	0.37
278.46875	0.41
278.47917	0.45
278.48958	0.43
278.50000	0.42
278.51042	0.42
278.52083	0.41
278.53125	0.40
278.54167	0.36
278.55208	0.30
278.56250	0.29
278.57292	0.24
278.58333	0.20
278.59375	0.15
278.60417	0.09
278.61458	0.05
278.62500	0.02
278.63542	-0.06
278.64583	-0.10
278.65625	-0.13
278.66667	-0.18
278.67708	-0.21
278.68750	-0.30
278.69792	-0.32
278.70833	-0.34
278.71875	-0.40
278.72917	-0.42
278.73958	-0.46
278.75000	-0.46
278.76042	-0.47
278.77083	-0.50
278.78125	-0.50
278.79167	-0.50
278.80208	-0.46
278.81250	-0.47
278.82292	-0.45
278.83333	-0.45
278.84375	-0.43
278.85417	-0.37
278.86458	-0.37
278.87500	-0.34
278.88542	-0.30
278.89583	-0.28
278.90625	-0.23
278.91667	-0.21
278.92708	-0.18
278.93750	-0.12
278.94792	-0.11
278.95833	-0.11
278.96875	-0.07
278.97917	-0.02
278.98958	-0.03
279.00000	-0.02
279.01042	-0.01
279.02083	-0.01
279.03125	0.02
279.04167	0.01
279.05208	-0.02
279.06250	-0.02
279.07292	-0.04
279.08333	-0.03
279.09375	-0.05
279.10417	-0.10
279.11458	-0.12
279.12500	-0.12
279.13542	-0.14
279.14583	-0.18
279.15625	-0.19
279.16667	-0.22
279.17708	-0.24
279.18750	-0.24
279.19792	-0.25
279.20833	-0.28
279.21875	-0.30
279.22917	-0.28
279.23958	-0.30
279.25000	-0.30
279.26042	-0.29
279.27083	-0.28
279.28125	-0.28
279.29167	-0.26
279.30208	-0.24
279.31250	-0.20
279.32292	-0.17
279.33333	-0.14
279.34375	-0.10
279.35417	-0.08
279.36458	-0.02
279.37500	0.02
279.38542	0.06
279.39583	0.09
279.40625	0.17
279.41667	0.20
279.42708	0.23
279.43750	0.26
279.44792	0.28
279.45833	0.33
279.46875	0.36
279.47917	0.37
279.48958	0.39
279.50000	0.41
279.51042	0.42
279.52083	0.42
279.53125	0.40
279.54167	0.39
279.55208	0.40
279.56250	0.36
279.57292	0.33
279.58333	0.27
279.59375	0.29
279.60417	0.24
279.61458	0.18
279.62500	0.12
279.63542	0.09
279.64583	0.07
279.65625	0.01
279.66667	-0.03
279.67708	-0.12
279.68750	-0.12
279.69792	-0.17
279.70833	-0.23
279.71875	-0.26
279.72917	-0.33
279.73958	-0.33
279.75000	-0.35
279.76042	-0.41
279.77083	-0.47
279.78125	-0.46
279.79167	-0.45
279.80208	-0.48
279.81250	-0.50
279.82292	-0.51
279.83333	-0.48
279.84375	-0.47
279.85417	-0.51
279.86458	-0.46
279.87500	-0.46
279.88542	-0.42
279.89583	-0.39
279.90625	-0.39
279.91667	-0.35
279.92708	-0.31
279.93750	-0.28
279.94792	-0.26
279.95833	-0.23
279.96875	-0.17
279.97917	-0.17
279.98958	-0.18
280.00000	-0.09
280.01042	-0.06
280.02083	-0.09
280.03125	-0.06
280.04167	-0.04
280.05208	-0.04
280.06250	-0.01
280.07292	-0.03
280.08333	-0.04
280.09375	-0.01
280.10417	-0.01
280.11458	-0.04
280.12500	-0.06
280.13542	-0.07
280.14583	-0.05
280.15625	-0.08
280.16667	-0.11
280.17708	-0.12
280.18750	-0.14
280.19792	-0.12
280.20833	-0.15
280.21875	-0.20
280.22917	-0.20
280.23958	-0.19
280.25000	-0.20
280.26042	-0.23
280.27083	-0.24
280.28125	-0.23
280.29167	-0.21
280.30208	-0.20
280.31250	-0.20
280.32292	-0.19
280.33333	-0.18
280.34375	-0.13
280.35417	-0.11
280.36458	-0.11
280.37500	-0.09
280.38542	-0.04
280.39583	0.01
280.40625	0.01
280.41667	0.07
280.42708	0.10
280.43750	0.12
280.44792	0.19
280.45833	0.21
280.46875	0.24
280.47917	0.29
280.48958	0.33
280.50000	0.33
280.51042	0.36
280.52083	0.38
280.53125	0.38
280.54167	0.41
280.55208	0.39
280.56250	0.39
280.57292	0.40
280.58333	0.39
280.59375	0.37
280.60417	0.33
280.61458	0.31
280.62500	0.32
280.63542	0.29
280.64583	0.22
280.65625	0.19
280.66667	0.16
280.67708	0.11
280.68750	0.07
280.69792	0.01
280.70833	-0.02
280.71875	-0.07
280.72917	-0.11
280.73958	-0.18
280.75000	-0.22
280.76042	-0.25
280.77083	-0.30
280.78125	-0.33
280.79167	-0.35
280.80208	-0.41
280.81250	-0.43
280.82292	-0.40
280.83333	-0.46
280.84375	-0.48
280.85417	-0.47
280.86458	-0.48
280.87500	-0.48
280.88542	-0.47
280.89583	-0.50
280.90625	-0.47
280.91667	-0.44
280.92708	-0.43
280.93750	-0.41
280.94792	-0.39
280.95833	-0.36
280.96875	-0.32
280.97917	-0.31
280.98958	-0.27
281.00000	-0.25
281.01042	-0.22
281.02083	-0.17
281.03125	-0.16
281.04167	-0.15
281.05208	-0.12
281.06250	-0.09
281.07292	-0.06
281.08333	-0.06
281.09375	-0.08
281.10417	-0.06
281.11458	-0.01
281.12500	-0.03
281.13542	-0.05
281.14583	-0.06
281.15625	-0.06
281.16667	-0.03
281.17708	-0.06
281.18750	-0.09
281.19792	-0.11
281.20833	-0.09
281.21875	-0.11
281.22917	-0.13
281.23958	-0.17
281.25000	-0.20
281.26042	-0.18
281.27083	-0.20
281.28125	-0.21
281.29167	-0.24
281.30208	-0.27
281.31250	-0.22
281.32292	-0.24
281.33333	-0.26
281.34375	-0.27
281.35417	-0.24
281.36458	-0.19
281.37500	-0.19
281.38542	-0.23
281.39583	-0.19
281.40625	-0.12
281.41667	-0.10
281.42708	-0.14
281.43750	-0.09
281.44792	-0.05
281.45833	0.02
281.46875	0.04
281.47917	0.06
281.48958	0.10
281.50000	0.13
281.51042	0.22
281.52083	0.15
281.53125	0.25
281.54167	0.27
281.55208	0.20
281.56250	0.33
281.57292	0.31
281.58333	0.29
281.59375	0.30
281.60417	0.28
281.61458	0.32
281.62500	0.33
281.63542	0.31
281.64583	0.25
281.65625	0.34
281.66667	0.28
281.67708	0.22
281.68750	0.23
281.69792	0.18
281.70833	0.17
281.71875	0.10
281.72917	0.03
281.73958	0.03
281.75000	0.01
281.76042	0.00
281.77083	-0.15
281.78125	-0.19
281.79167	-0.10
281.80208	-0.24
281.81250	-0.28
281.82292	-0.31
281.83333	-0.35
281.84375	-0.39
281.85417	-0.37
281.86458	-0.50
281.87500	-0.60
281.88542	-0.37
281.89583	-0.58
281.90625	-0.53
281.91667	-0.45
281.92708	-0.66
281.93750	-0.39
281.94792	-0.51
281.95833	-0.54
281.96875	-0.46
281.97917	-0.45
281.98958	-0.36
282.00000	-0.45
282.01042	-0.31
282.02083	-0.35
282.03125	-0.30
282.04167	-0.23
282.05208	-0.26
282.06250	-0.17
282.07292	-0.18
282.08333	-0.06
282.09375	-0.11
282.10417	-0.11
282.11458	0.02
282.12500	-0.04
282.13542	-0.03
282.14583	0.05
282.15625	-0.01
282.16667	0.04
282.17708	0.07
282.18750	0.00
282.19792	0.02
282.20833	0.06
282.21875	0.05
282.22917	-0.03
282.23958	0.00
282.25000	-0.07
282.26042	-0.03
282.27083	-0.05
282.28125	-0.12
282.29167	-0.08
282.30208	-0.15
282.31250	-0.11
282.32292	-0.15
282.33333	-0.20
282.34375	-0.16
282.35417	-0.21
282.36458	-0.19
282.37500	-0.23
282.38542	-0.19
282.39583	-0.23
282.40625	-0.21
282.41667	-0.18
282.42708	-0.22
282.43750	-0.14
282.44792	-0.13
282.45833	-0.10
282.46875	-0.08
282.47917	-0.05
282.48958	-0.01
282.50000	0.03
282.51042	0.07
282.52083	0.12
282.53125	0.16
282.54167	0.21
282.55208	0.26
282.56250	0.28
282.57292	0.30
282.58333	0.40
282.59375	0.39
282.60417	0.41
282.61458	0.48
282.62500	0.46
282.63542	0.48
282.64583	0.52
282.65625	0.51
282.66667	0.50
282.67708	0.50
282.68750	0.48
282.69792	0.48
282.70833	0.49
282.71875	0.41
282.72917	0.37
282.73958	0.39
282.75000	0.34
282.76042	0.30
282.77083	0.22
282.78125	0.21
282.79167	0.19
282.80208	0.09
282.81250	0.07
282.82292	0.00
282.83333	-0.07
282.84375	-0.07
282.85417	-0.12
282.86458	-0.17
282.87500	-0.26
282.88542	-0.22
282.89583	-0.26
282.90625	-0.31
282.91667	-0.30
282.92708	-0.34
282.93750	-0.34
282.94792	-0.34
282.95833	-0.32
282.96875	-0.37
282.97917	-0.34
282.98958	-0.28
283.00000	-0.32
283.01042	-0.27
283.02083	-0.26
283.03125	-0.23
283.04167	-0.18
283.05208	-0.15
283.06250	-0.10
283.07292	-0.08
283.08333	-0.02
283.09375	0.01
283.10417	0.04
283.11458	0.08
283.12500	0.12
283.13542	0.15
283.14583	0.15
283.15625	0.21
283.16667	0.20
283.17708	0.21
283.18750	0.25
283.19792	0.23
283.20833	0.24
283.21875	0.23
283.22917	0.22
283.23958	0.20
283.25000	0.20
283.26042	0.18
283.27083	0.12
283.28125	0.12
283.29167	0.08
283.30208	0.04
283.31250	0.03
283.32292	-0.02
283.33333	-0.06
283.34375	-0.09
283.35417	-0.13
283.36458	-0.15
283.37500	-0.17
283.38542	-0.19
283.39583	-0.23
283.40625	-0.24
283.41667	-0.26
283.42708	-0.27
283.43750	-0.27
283.44792	-0.27
283.45833	-0.27
283.46875	-0.25
283.47917	-0.22
283.48958	-0.23
283.50000	-0.20
283.51042	-0.16
283.52083	-0.12
283.53125	-0.10
283.54167	-0.05
283.55208	-0.03
283.56250	0.01
283.57292	0.08
283.58333	0.12
283.59375	0.14
283.60417	0.18
283.61458	0.23
283.62500	0.29
283.63542	0.29
283.64583	0.31
283.65625	0.33
283.66667	0.36
283.67708	0.38
283.68750	0.37
283.69792	0.36
283.70833	0.36
283.71875	0.37
283.72917	0.34
283.73958	0.30
283.75000	0.28
283.76042	0.25
283.77083	0.22
283.78125	0.17
283.79167	0.11
283.80208	0.04
283.81250	0.00
283.82292	-0.06
283.83333	-0.13
283.84375	-0.20
283.85417	-0.25
283.86458	-0.32
283.87500	-0.36
283.88542	-0.42
283.89583	-0.48
283.90625	-0.52
283.91667	-0.56
283.92708	-0.59
283.93750	-0.61
283.94792	-0.65
283.95833	-0.69
283.96875	-0.68
283.97917	-0.67
283.98958	-0.68
284.00000	-0.68
284.01042	-0.66
284.02083	-0.63
284.03125	-0.61
284.04167	-0.57
284.05208	-0.55
284.06250	-0.52
284.07292	-0.44
284.08333	-0.41
284.09375	-0.35
284.10417	-0.30
284.11458	-0.27
284.12500	-0.20
284.13542	-0.16
284.14583	-0.11
284.15625	-0.07
284.16667	-0.03
284.17708	0.00
284.18750	0.05
284.19792	0.07
284.20833	0.07
284.21875	0.11
284.22917	0.10
284.23958	0.12
284.25000	0.10
284.26042	0.07
284.27083	0.09
284.28125	0.06
284.29167	0.04
284.30208	0.00
284.31250	-0.03
284.32292	-0.06
284.33333	-0.09
284.34375	-0.15
284.35417	-0.18
284.36458	-0.21
284.37500	-0.25
284.38542	-0.30
284.39583	-0.32
284.40625	-0.35
284.41667	-0.39
284.42708	-0.40
284.43750	-0.43
284.44792	-0.44
284.45833	-0.45
284.46875	-0.44
284.47917	-0.44
284.48958	-0.43
284.50000	-0.43
284.51042	-0.39
284.52083	-0.38
284.53125	-0.34
284.54167	-0.31
284.55208	-0.27
284.56250	-0.20
284.57292	-0.17
284.58333	-0.12
284.59375	-0.07
284.60417	-0.02
284.61458	0.05
284.62500	0.07
284.63542	0.16
284.64583	0.18
284.65625	0.24
284.66667	0.26
284.67708	0.31
284.68750	0.34
284.69792	0.34
284.70833	0.41
284.71875	0.37
284.72917	0.38
284.73958	0.40
284.75000	0.37
284.76042	0.35
284.77083	0.32
284.78125	0.29
284.79167	0.27
284.80208	0.21
284.81250	0.14
284.82292	0.11
284.83333	0.06
284.84375	-0.02
284.85417	-0.09
284.86458	-0.19
284.87500	-0.23
284.88542	-0.29
284.89583	-0.39
284.90625	-0.43
284.91667	-0.50
284.92708	-0.56
284.93750	-0.57
284.94792	-0.65
284.95833	-0.69
284.96875	-0.71
284.97917	-0.72
284.98958	-0.74
285.00000	-0.76
285.01042	-0.77
285.02083	-0.76
285.03125	-0.73
285.04167	-0.68
285.05208	-0.69
285.06250	-0.66
285.07292	-0.61
285.08333	-0.54
285.09375	-0.50
285.10417	-0.48
285.11458	-0.40
285.12500	-0.35
285.13542	-0.26
285.14583	-0.22
285.15625	-0.18
285.16667	-0.12
285.17708	-0.03
285.18750	0.00
285.19792	0.02
285.20833	0.08
285.21875	0.10
285.22917	0.17
285.23958	0.17
285.25000	0.16
285.26042	0.17
285.27083	0.19
285.28125	0.18
285.29167	0.15
285.30208	0.13
285.31250	0.10
285.32292	0.08
285.33333	0.05
285.34375	-0.03
285.35417	-0.08
285.36458	-0.09
285.37500	-0.13
285.38542	-0.21
285.39583	-0.30
285.40625	-0.31
285.41667	-0.33
285.42708	-0.37
285.43750	-0.45
285.44792	-0.49
285.45833	-0.47
285.46875	-0.49
285.47917	-0.48
285.48958	-0.56
285.50000	-0.53
285.51042	-0.48
285.52083	-0.49
285.53125	-0.50
285.54167	-0.46
285.55208	-0.42
285.56250	-0.39
285.57292	-0.34
285.58333	-0.30
285.59375	-0.26
285.60417	-0.16
285.61458	-0.12
285.62500	-0.06
285.63542	0.01
285.64583	0.08
285.65625	0.14
285.66667	0.19
285.67708	0.25
285.68750	0.28
285.69792	0.34
285.70833	0.40
285.71875	0.38
285.72917	0.45
285.73958	0.48
285.75000	0.47
285.76042	0.48
285.77083	0.46
285.78125	0.45
285.79167	0.45
285.80208	0.40
285.81250	0.34
285.82292	0.31
285.83333	0.27
285.84375	0.20
285.85417	0.10
285.86458	0.04
285.87500	-0.02
285.88542	-0.10
285.89583	-0.19
285.90625	-0.26
285.91667	-0.35
285.92708	-0.38
285.93750	-0.48
285.94792	-0.52
285.95833	-0.58
285.96875	-0.64
285.97917	-0.66
285.98958	-0.71
286.00000	-0.72
286.01042	-0.76
286.02083	-0.76
286.03125	-0.75
286.04167	-0.77
286.05208	-0.74
286.06250	-0.73
286.07292	-0.69
286.08333	-0.67
286.09375	-0.63
286.10417	-0.55
286.11458	-0.50
286.12500	-0.46
286.13542	-0.38
286.14583	-0.33
286.15625	-0.25
286.16667	-0.17
286.17708	-0.13
286.18750	-0.08
286.19792	0.00
286.20833	0.07
286.21875	0.09
286.22917	0.16
286.23958	0.19
286.25000	0.24
286.26042	0.25
286.27083	0.26
286.28125	0.28
286.29167	0.28
286.30208	0.28
286.31250	0.26
286.32292	0.24
286.33333	0.23
286.34375	0.18
286.35417	0.14
286.36458	0.08
286.37500	0.06
286.38542	-0.03
286.39583	-0.08
286.40625	-0.13
286.41667	-0.23
286.42708	-0.23
286.43750	-0.31
286.44792	-0.40
286.45833	-0.41
286.46875	-0.47
286.47917	-0.49
286.48958	-0.51
286.50000	-0.56
286.51042	-0.58
286.52083	-0.56
286.53125	-0.57
286.54167	-0.60
286.55208	-0.57
286.56250	-0.53
286.57292	-0.53
286.58333	-0.47
286.59375	-0.45
286.60417	-0.39
286.61458	-0.33
286.62500	-0.27
286.63542	-0.21
286.64583	-0.15
286.65625	-0.06
286.66667	-0.02
286.67708	0.06
286.68750	0.14
286.69792	0.20
286.70833	0.25
286.71875	0.30
286.72917	0.35
286.73958	0.40
286.75000	0.46
286.76042	0.45
286.77083	0.46
286.78125	0.51
286.79167	0.50
286.80208	0.51
286.81250	0.46
286.82292	0.41
286.83333	0.43
286.84375	0.37
286.85417	0.28
286.86458	0.24
286.87500	0.16
286.88542	0.12
286.89583	0.05
286.90625	-0.07
286.91667	-0.13
286.92708	-0.19
286.93750	-0.26
286.94792	-0.33
286.95833	-0.42
286.96875	-0.50
286.97917	-0.51
286.98958	-0.57
287.00000	-0.66
287.01042	-0.69
287.02083	-0.71
287.03125	-0.74
287.04167	-0.73
287.05208	-0.77
287.06250	-0.76
287.07292	-0.74
287.08333	-0.71
287.09375	-0.69
287.10417	-0.67
287.11458	-0.60
287.12500	-0.54
287.13542	-0.49
287.14583	-0.42
287.15625	-0.36
287.16667	-0.29
287.17708	-0.19
287.18750	-0.11
287.19792	-0.08
287.20833	0.00
287.21875	0.09
287.22917	0.14
287.23958	0.20
287.25000	0.24
287.26042	0.28
287.27083	0.34
287.28125	0.38
287.29167	0.38
287.30208	0.38
287.31250	0.39
287.32292	0.42
287.33333	0.37
287.34375	0.35
287.35417	0.34
287.36458	0.27
287.37500	0.26
287.38542	0.20
287.39583	0.09
287.40625	0.06
287.41667	-0.01
287.42708	-0.09
287.43750	-0.16
287.44792	-0.23
287.45833	-0.30
287.46875	-0.36
287.47917	-0.41
287.48958	-0.49
287.50000	-0.53
287.51042	-0.59
287.52083	-0.60
287.53125	-0.62
287.54167	-0.72
287.55208	-0.66
287.56250	-0.67
287.57292	-0.68
287.58333	-0.68
287.59375	-0.66
287.60417	-0.55
287.61458	-0.58
287.62500	-0.51
287.63542	-0.49
287.64583	-0.41
287.65625	-0.28
287.66667	-0.24
287.67708	-0.23
287.68750	-0.13
287.69792	0.00
287.70833	0.06
287.71875	0.09
287.72917	0.18
287.73958	0.22
287.75000	0.33
287.76042	0.40
287.77083	0.39
287.78125	0.42
287.79167	0.51
287.80208	0.53
287.81250	0.49
287.82292	0.52
287.83333	0.49
287.84375	0.48
287.85417	0.46
287.86458	0.37
287.87500	0.34
287.88542	0.30
287.89583	0.24
287.90625	0.17
287.91667	0.06
287.92708	0.02
287.93750	-0.06
287.94792	-0.16
287.95833	-0.25
287.96875	-0.34
287.97917	-0.37
287.98958	-0.44
288.00000	-0.51
288.01042	-0.61
288.02083	-0.62
288.03125	-0.66
288.04167	-0.73
288.05208	-0.72
288.06250	-0.79
288.07292	-0.76
288.08333	-0.74
288.09375	-0.77
288.10417	-0.69
288.11458	-0.71
288.12500	-0.65
288.13542	-0.55
288.14583	-0.56
288.15625	-0.48
288.16667	-0.37
288.17708	-0.34
288.18750	-0.22
288.19792	-0.16
288.20833	-0.12
288.21875	0.03
288.22917	0.08
288.23958	0.14
288.25000	0.22
288.26042	0.28
288.27083	0.32
288.28125	0.43
288.29167	0.42
288.30208	0.50
288.31250	0.51
288.32292	0.52
288.33333	0.57
288.34375	0.54
288.35417	0.52
288.36458	0.57
288.37500	0.47
288.38542	0.43
288.39583	0.46
288.40625	0.31
288.41667	0.27
288.42708	0.23
288.43750	0.09
288.44792	0.08
288.45833	-0.05
288.46875	-0.10
288.47917	-0.18
288.48958	-0.25
288.50000	-0.32
288.51042	-0.39
288.52083	-0.44
288.53125	-0.51
288.54167	-0.52
288.55208	-0.63
288.56250	-0.60
288.57292	-0.63
288.58333	-0.68
288.59375	-0.62
288.60417	-0.71
288.61458	-0.63
288.62500	-0.57
288.63542	-0.61
288.64583	-0.52
288.65625	-0.48
288.66667	-0.42
288.67708	-0.33
288.68750	-0.29
288.69792	-0.25
288.70833	-0.12
288.71875	-0.05
288.72917	0.01
288.73958	0.07
288.75000	0.14
288.76042	0.26
288.77083	0.31
288.78125	0.31
288.79167	0.39
288.80208	0.46
288.81250	0.48
288.82292	0.51
288.83333	0.49
288.84375	0.49
288.85417	0.56
288.86458	0.50
288.87500	0.47
288.88542	0.40
288.89583	0.41
288.90625	0.36
288.91667	0.30
288.92708	0.16
288.93750	0.14
288.94792	0.14
288.95833	-0.06
288.96875	-0.05
288.97917	-0.24
288.98958	-0.23
289.00000	-0.27
289.01042	-0.42
289.02083	-0.48
289.03125	-0.57
289.04167	-0.48
289.05208	-0.65
289.06250	-0.69
289.07292	-0.66
289.08333	-0.68
289.09375	-0.65
289.10417	-0.74
289.11458	-0.72
289.12500	-0.63
289.13542	-0.64
289.14583	-0.60
289.15625	-0.58
289.16667	-0.50
289.17708	-0.42
289.18750	-0.35
289.19792	-0.30
289.20833	-0.25
289.21875	-0.11
289.22917	0.02
289.23958	0.04
289.25000	0.09
289.26042	0.20
289.27083	0.30
289.28125	0.39
289.29167	0.38
289.30208	0.47
289.31250	0.54
289.32292	0.59
289.33333	0.62
289.34375	0.63
289.35417	0.64
289.36458	0.69
289.37500	0.64
289.38542	0.61
289.39583	0.61
289.40625	0.59
289.41667	0.50
289.42708	0.45
289.43750	0.39
289.44792	0.29
289.45833	0.29
289.46875	0.17
289.47917	0.02
289.48958	0.02
289.50000	-0.08
289.51042	-0.16
289.52083	-0.27
289.53125	-0.35
289.54167	-0.41
289.55208	-0.45
289.56250	-0.48
289.57292	-0.62
289.58333	-0.61
289.59375	-0.63
289.60417	-0.69
289.61458	-0.71
289.62500	-0.68
289.63542	-0.69
289.64583	-0.67
289.65625	-0.64
289.66667	-0.63
289.67708	-0.58
289.68750	-0.47
289.69792	-0.47
289.70833	-0.43
289.71875	-0.33
289.72917	-0.26
289.73958	-0.18
289.75000	-0.13
289.76042	-0.08
289.77083	0.03
289.78125	0.13
289.79167	0.16
289.80208	0.20
289.81250	0.30
289.82292	0.36
289.83333	0.36
289.84375	0.41
289.85417	0.43
289.86458	0.48
289.87500	0.46
289.88542	0.47
289.89583	0.42
289.90625	0.44
289.91667	0.44
289.92708	0.36
289.93750	0.31
289.94792	0.25
289.95833	0.25
289.96875	0.14
289.97917	0.05
289.98958	-0.01
290.00000	-0.08
290.01042	-0.10
290.02083	-0.22
290.03125	-0.31
290.04167	-0.36
290.05208	-0.39
290.06250	-0.43
290.07292	-0.53
290.08333	-0.56
290.09375	-0.56
290.10417	-0.57
290.11458	-0.61
290.12500	-0.64
290.13542	-0.62
290.14583	-0.58
290.15625	-0.57
290.16667	-0.52
290.17708	-0.52
290.18750	-0.46
290.19792	-0.36
290.20833	-0.32
290.21875	-0.27
290.22917	-0.19
290.23958	-0.10
290.25000	-0.03
290.26042	0.05
290.27083	0.10
290.28125	0.20
290.29167	0.27
290.30208	0.33
290.31250	0.42
290.32292	0.48
290.33333	0.53
290.34375	0.56
290.35417	0.60
290.36458	0.65
290.37500	0.66
290.38542	0.64
290.39583	0.63
290.40625	0.64
290.41667	0.61
290.42708	0.57
290.43750	0.51
290.44792	0.45
290.45833	0.42
290.46875	0.36
290.47917	0.27
290.48958	0.16
290.50000	0.10
290.51042	0.05
290.52083	-0.07
290.53125	-0.18
290.54167	-0.25
290.55208	-0.34
290.56250	-0.36
290.57292	-0.47
290.58333	-0.57
290.59375	-0.62
290.60417	-0.63
290.61458	-0.69
290.62500	-0.74
290.63542	-0.76
290.64583	-0.79
290.65625	-0.77
290.66667	-0.78
290.67708	-0.80
290.68750	-0.76
290.69792	-0.74
290.70833	-0.68
290.71875	-0.66
290.72917	-0.62
290.73958	-0.55
290.75000	-0.49
290.76042	-0.41
290.77083	-0.34
290.78125	-0.29
290.79167	-0.22
290.80208	-0.14
290.81250	-0.09
290.82292	-0.02
290.83333	0.08
290.84375	0.09
290.85417	0.13
290.86458	0.20
290.87500	0.24
290.88542	0.26
290.89583	0.26
290.90625	0.26
290.91667	0.31
290.92708	0.30
290.93750	0.26
290.94792	0.23
290.95833	0.18
290.96875	0.18
290.97917	0.12
290.98958	0.04
291.00000	-0.02
291.01042	-0.08
291.02083	-0.15
291.03125	-0.18
291.04167	-0.26
291.05208	-0.34
291.06250	-0.38
291.07292	-0.44
291.08333	-0.49
291.09375	-0.55
291.10417	-0.56
291.11458	-0.61
291.12500	-0.63
291.13542	-0.67
291.14583	-0.66
291.15625	-0.66
291.16667	-0.69
291.17708	-0.63
291.18750	-0.63
291.19792	-0.60
291.20833	-0.53
291.21875	-0.50
291.22917	-0.44
291.23958	-0.38
291.25000	-0.30
291.26042	-0.25
291.27083	-0.16
291.28125	-0.10
291.29167	-0.01
291.30208	0.06
291.31250	0.13
291.32292	0.23
291.33333	0.28
291.34375	0.35
291.35417	0.41
291.36458	0.44
291.37500	0.52
291.38542	0.55
291.39583	0.57
291.40625	0.59
291.41667	0.61
291.42708	0.60
291.43750	0.57
291.44792	0.56
291.45833	0.52
291.46875	0.50
291.47917	0.43
291.48958	0.36
291.50000	0.30
291.51042	0.24
291.52083	0.17
291.53125	0.04
291.54167	-0.03
291.55208	-0.09
291.56250	-0.18
291.57292	-0.28
291.58333	-0.35
291.59375	-0.45
291.60417	-0.49
291.61458	-0.55
291.62500	-0.63
291.63542	-0.70
291.64583	-0.74
291.65625	-0.76
291.66667	-0.81
291.67708	-0.84
291.68750	-0.87
291.69792	-0.86
291.70833	-0.84
291.71875	-0.85
291.72917	-0.84
291.73958	-0.80
291.75000	-0.75
291.76042	-0.71
291.77083	-0.68
291.78125	-0.62
291.79167	-0.56
291.80208	-0.49
291.81250	-0.43
291.82292	-0.39
291.83333	-0.31
291.84375	-0.25
291.85417	-0.21
291.86458	-0.12
291.87500	-0.09
291.88542	-0.06
291.89583	0.01
291.90625	0.05
291.91667	0.06
291.92708	0.09
291.93750	0.12
291.94792	0.12
291.95833	0.13
291.96875	0.10
291.97917	0.07
291.98958	0.06
292.00000	0.04
292.01042	-0.03
292.02083	-0.08
292.03125	-0.10
292.04167	-0.15
292.05208	-0.21
292.06250	-0.28
292.07292	-0.33
292.08333	-0.35
292.09375	-0.40
292.10417	-0.46
292.11458	-0.52
292.12500	-0.55
292.13542	-0.55
292.14583	-0.59
292.15625	-0.63
292.16667	-0.64
292.17708	-0.64
292.18750	-0.61
292.19792	-0.61
292.20833	-0.63
292.21875	-0.58
292.22917	-0.53
292.23958	-0.51
292.25000	-0.49
292.26042	-0.42
292.27083	-0.37
292.28125	-0.29
292.29167	-0.23
292.30208	-0.20
292.31250	-0.09
292.32292	-0.03
292.33333	0.04
292.34375	0.11
292.35417	0.18
292.36458	0.24
292.37500	0.29
292.38542	0.34
292.39583	0.39
292.40625	0.45
292.41667	0.48
292.42708	0.49
292.43750	0.49
292.44792	0.51
292.45833	0.55
292.46875	0.51
292.47917	0.46
292.48958	0.46
292.50000	0.42
292.51042	0.37
292.52083	0.30
292.53125	0.22
292.54167	0.16
292.55208	0.10
292.56250	0.01
292.57292	-0.09
292.58333	-0.17
292.59375	-0.24
292.60417	-0.30
292.61458	-0.40
292.62500	-0.49
292.63542	-0.53
292.64583	-0.60
292.65625	-0.67
292.66667	-0.72
292.67708	-0.79
292.68750	-0.83
292.69792	-0.85
292.70833	-0.91
292.71875	-0.95
292.72917	-0.93
292.73958	-0.95
292.75000	-0.95
292.76042	-0.94
292.77083	-0.93
292.78125	-0.89
292.79167	-0.84
292.80208	-0.83
292.81250	-0.80
292.82292	-0.74
292.83333	-0.69
292.84375	-0.62
292.85417	-0.60
292.86458	-0.54
292.87500	-0.47
292.88542	-0.43
292.89583	-0.37
292.90625	-0.31
292.91667	-0.28
292.92708	-0.22
292.93750	-0.19
292.94792	-0.15
292.95833	-0.11
292.96875	-0.11
292.97917	-0.09
292.98958	-0.08
293.00000	-0.07
293.01042	-0.10
293.02083	-0.10
293.03125	-0.12
293.04167	-0.15
293.05208	-0.18
293.06250	-0.22
293.07292	-0.24
293.08333	-0.29
293.09375	-0.34
293.10417	-0.37
293.11458	-0.40
293.12500	-0.48
293.13542	-0.49
293.14583	-0.51
293.15625	-0.54
293.16667	-0.60
293.17708	-0.62
293.18750	-0.63
293.19792	-0.64
293.20833	-0.63
293.21875	-0.66
293.22917	-0.66
293.23958	-0.64
293.25000	-0.63
293.26042	-0.60
293.27083	-0.58
293.28125	-0.54
293.29167	-0.50
293.30208	-0.43
293.31250	-0.39
293.32292	-0.33
293.33333	-0.29
293.34375	-0.21
293.35417	-0.14
293.36458	-0.09
293.37500	-0.02
293.38542	0.02
293.39583	0.07
293.40625	0.14
293.41667	0.18
293.42708	0.23
293.43750	0.26
293.44792	0.31
293.45833	0.32
293.46875	0.38
293.47917	0.36
293.48958	0.35
293.50000	0.38
293.51042	0.36
293.52083	0.35
293.53125	0.29
293.54167	0.25
293.55208	0.22
293.56250	0.16
293.57292	0.11
293.58333	0.03
293.59375	-0.05
293.60417	-0.08
293.61458	-0.16
293.62500	-0.26
293.63542	-0.32
293.64583	-0.39
293.65625	-0.44
293.66667	-0.50
293.67708	-0.61
293.68750	-0.68
293.69792	-0.69
293.70833	-0.76
293.71875	-0.85
293.72917	-0.87
293.73958	-0.90
293.75000	-0.92
293.76042	-0.95
293.77083	-1.02
293.78125	-1.00
293.79167	-0.96
293.80208	-1.00
293.81250	-0.93
293.82292	-0.92
293.83333	-0.92
293.84375	-0.88
293.85417	-0.83
293.86458	-0.81
293.87500	-0.77
293.88542	-0.69
293.89583	-0.69
293.90625	-0.64
293.91667	-0.55
293.92708	-0.52
293.93750	-0.46
293.94792	-0.43
293.95833	-0.37
293.96875	-0.32
293.97917	-0.27
293.98958	-0.24
294.00000	-0.24
294.01042	-0.22
294.02083	-0.17
294.03125	-0.16
294.04167	-0.17
294.05208	-0.15
294.06250	-0.19
294.07292	-0.18
294.08333	-0.18
294.09375	-0.22
294.10417	-0.24
294.11458	-0.26
294.12500	-0.31
294.13542	-0.31
294.14583	-0.35
294.15625	-0.42
294.16667	-0.43
294.17708	-0.44
294.18750	-0.48
294.19792	-0.49
294.20833	-0.55
294.21875	-0.56
294.22917	-0.57
294.23958	-0.57
294.25000	-0.61
294.26042	-0.61
294.27083	-0.57
294.28125	-0.58
294.29167	-0.57
294.30208	-0.56
294.31250	-0.53
294.32292	-0.48
294.33333	-0.43
294.34375	-0.39
294.35417	-0.38
294.36458	-0.32
294.37500	-0.24
294.38542	-0.18
294.39583	-0.17
294.40625	-0.12
294.41667	-0.03
294.42708	0.01
294.43750	0.06
294.44792	0.10
294.45833	0.15
294.46875	0.21
294.47917	0.27
294.48958	0.27
294.50000	0.28
294.51042	0.37
294.52083	0.34
294.53125	0.34
294.54167	0.36
294.55208	0.34
294.56250	0.32
294.57292	0.30
294.58333	0.27
294.59375	0.23
294.60417	0.17
294.61458	0.17
294.62500	0.08
294.63542	0.01
294.64583	-0.02
294.65625	-0.09
294.66667	-0.16
294.67708	-0.23
294.68750	-0.30
294.69792	-0.36
294.70833	-0.41
294.71875	-0.50
294.72917	-0.56
294.73958	-0.59
294.75000	-0.64
294.76042	-0.70
294.77083	-0.76
294.78125	-0.79
294.79167	-0.82
294.80208	-0.83
294.81250	-0.85
294.82292	-0.91
294.83333	-0.91
294.84375	-0.86
294.85417	-0.88
294.86458	-0.87
294.87500	-0.85
294.88542	-0.82
294.89583	-0.80
294.90625	-0.73
294.91667	-0.71
294.92708	-0.72
294.93750	-0.62
294.94792	-0.54
294.95833	-0.55
294.96875	-0.48
294.97917	-0.43
294.98958	-0.40
295.00000	-0.33
295.01042	-0.31
295.02083	-0.26
295.03125	-0.21
295.04167	-0.22
295.05208	-0.15
295.06250	-0.13
295.07292	-0.12
295.08333	-0.12
295.09375	-0.11
295.10417	-0.11
295.11458	-0.11
295.12500	-0.12
295.13542	-0.14
295.14583	-0.13
295.15625	-0.19
295.16667	-0.20
295.17708	-0.18
295.18750	-0.25
295.19792	-0.25
295.20833	-0.28
295.21875	-0.32
295.22917	-0.34
295.23958	-0.36
295.25000	-0.40
295.26042	-0.42
295.27083	-0.42
295.28125	-0.47
295.29167	-0.47
295.30208	-0.47
295.31250	-0.47
295.32292	-0.45
295.33333	-0.45
295.34375	-0.44
295.35417	-0.40
295.36458	-0.38
295.37500	-0.34
295.38542	-0.31
295.39583	-0.28
295.40625	-0.23
295.41667	-0.17
295.42708	-0.15
295.43750	-0.08
295.44792	-0.04
295.45833	-0.01
295.46875	0.08
295.47917	0.15
295.48958	0.16
295.50000	0.22
295.51042	0.24
295.52083	0.30
295.53125	0.36
295.54167	0.35
295.55208	0.38
295.56250	0.39
295.57292	0.40
295.58333	0.43
295.59375	0.43
295.60417	0.37
295.61458	0.39
295.62500	0.36
295.63542	0.34
295.64583	0.33
295.65625	0.24
295.66667	0.23
295.67708	0.17
295.68750	0.10
295.69792	0.07
295.70833	-0.03
295.71875	-0.08
295.72917	-0.13
295.73958	-0.22
295.75000	-0.28
295.76042	-0.32
295.77083	-0.41
295.78125	-0.46
295.79167	-0.50
295.80208	-0.58
295.81250	-0.61
295.82292	-0.64
295.83333	-0.73
295.84375	-0.71
295.85417	-0.75
295.86458	-0.78
295.87500	-0.78
295.88542	-0.80
295.89583	-0.78
295.90625	-0.75
295.91667	-0.76
295.92708	-0.73
295.93750	-0.70
295.94792	-0.68
295.95833	-0.61
295.96875	-0.59
295.97917	-0.55
295.98958	-0.48
296.00000	-0.44
296.01042	-0.38
296.02083	-0.34
296.03125	-0.32
296.04167	-0.23
296.05208	-0.17
296.06250	-0.15
296.07292	-0.10
296.08333	-0.05
296.09375	-0.05
296.10417	0.01
296.11458	0.02
296.12500	0.04
296.13542	0.06
296.14583	0.06
296.15625	0.06
296.16667	0.04
296.17708	0.04
296.18750	0.04
296.19792	0.00
296.20833	-0.02
296.21875	-0.03
296.22917	-0.06
296.23958	-0.10
296.25000	-0.13
296.26042	-0.17
296.27083	-0.21
296.28125	-0.21
296.29167	-0.28
296.30208	-0.28
296.31250	-0.30
296.32292	-0.37
296.33333	-0.34
296.34375	-0.36
296.35417	-0.38
296.36458	-0.37
296.37500	-0.38
296.38542	-0.38
296.39583	-0.35
296.40625	-0.33
296.41667	-0.32
296.42708	-0.29
296.43750	-0.26
296.44792	-0.22
296.45833	-0.16
296.46875	-0.14
296.47917	-0.09
296.48958	-0.05
296.50000	0.01
296.51042	0.11
296.52083	0.12
296.53125	0.16
296.54167	0.23
296.55208	0.26
296.56250	0.31
296.57292	0.34
296.58333	0.39
296.59375	0.39
296.60417	0.45
296.61458	0.47
296.62500	0.46
296.63542	0.47
296.64583	0.45
296.65625	0.49
296.66667	0.46
296.67708	0.39
296.68750	0.39
296.69792	0.37
296.70833	0.32
296.71875	0.27
296.72917	0.20
296.73958	0.14
296.75000	0.12
296.76042	0.07
296.77083	-0.05
296.78125	-0.12
296.79167	-0.17
296.80208	-0.23
296.81250	-0.29
296.82292	-0.38
296.83333	-0.47
296.84375	-0.51
296.85417	-0.53
296.86458	-0.58
296.87500	-0.68
296.88542	-0.71
296.89583	-0.70
296.90625	-0.73
296.91667	-0.76
296.92708	-0.78
296.93750	-0.80
296.94792	-0.72
296.95833	-0.72
296.96875	-0.73
296.97917	-0.73
296.98958	-0.66
297.00000	-0.58
297.01042	-0.59
297.02083	-0.54
297.03125	-0.50
297.04167	-0.41
297.05208	-0.33
297.06250	-0.31
297.07292	-0.27
297.08333	-0.19
297.09375	-0.13
297.10417	-0.08
297.11458	-0.05
297.12500	-0.02
297.13542	0.03
297.14583	0.09
297.15625	0.10
297.16667	0.11
297.17708	0.13
297.18750	0.13
297.19792	0.14
297.20833	0.16
297.21875	0.12
297.22917	0.09
297.23958	0.09
297.25000	0.07
297.26042	0.02
297.27083	0.00
297.28125	-0.06
297.29167	-0.08
297.30208	-0.08
297.31250	-0.16
297.32292	-0.21
297.33333	-0.24
297.34375	-0.24
297.35417	-0.27
297.36458	-0.33
297.37500	-0.35
297.38542	-0.37
297.39583	-0.38
297.40625	-0.39
297.41667	-0.41
297.42708	-0.40
297.43750	-0.38
297.44792	-0.36
297.45833	-0.36
297.46875	-0.34
297.47917	-0.31
297.48958	-0.24
297.50000	-0.21
297.51042	-0.20
297.52083	-0.14
297.53125	-0.09
297.54167	-0.02
297.55208	0.03
297.56250	0.08
297.57292	0.11
297.58333	0.19
297.59375	0.26
297.60417	0.28
297.61458	0.32
297.62500	0.37
297.63542	0.44
297.64583	0.45
297.65625	0.46
297.66667	0.50
297.67708	0.51
297.68750	0.51
297.69792	0.50
297.70833	0.47
297.71875	0.47
297.72917	0.43
297.73958	0.39
297.75000	0.35
297.76042	0.30
297.77083	0.25
297.78125	0.20
297.79167	0.13
297.80208	0.04
297.81250	-0.02
297.82292	-0.09
297.83333	-0.16
297.84375	-0.25
297.85417	-0.35
297.86458	-0.35
297.87500	-0.44
297.88542	-0.53
297.89583	-0.57
297.90625	-0.63
297.91667	-0.64
297.92708	-0.67
297.93750	-0.75
297.94792	-0.77
297.95833	-0.74
297.96875	-0.75
297.97917	-0.77
297.98958	-0.75
298.00000	-0.76
298.01042	-0.70
298.02083	-0.65
298.03125	-0.66
298.04167	-0.60
298.05208	-0.53
298.06250	-0.47
298.07292	-0.43
298.08333	-0.37
298.09375	-0.29
298.10417	-0.23
298.11458	-0.18
298.12500	-0.11
298.13542	-0.08
298.14583	-0.01
298.15625	0.05
298.16667	0.09
298.17708	0.12
298.18750	0.17
298.19792	0.19
298.20833	0.21
298.21875	0.23
298.22917	0.21
298.23958	0.23
298.25000	0.22
298.26042	0.20
298.27083	0.16
298.28125	0.15
298.29167	0.12
298.30208	0.08
298.31250	0.03
298.32292	-0.04
298.33333	-0.05
298.34375	-0.11
298.35417	-0.17
298.36458	-0.22
298.37500	-0.29
298.38542	-0.28
298.39583	-0.35
298.40625	-0.40
298.41667	-0.44
298.42708	-0.45
298.43750	-0.46
298.44792	-0.48
298.45833	-0.49
298.46875	-0.52
298.47917	-0.47
298.48958	-0.48
298.50000	-0.46
298.51042	-0.42
298.52083	-0.42
298.53125	-0.35
298.54167	-0.30
298.55208	-0.29
298.56250	-0.23
298.57292	-0.16
298.58333	-0.10
298.59375	-0.03
298.60417	0.00
298.61458	0.07
298.62500	0.14
298.63542	0.21
298.64583	0.27
298.65625	0.31
298.66667	0.33
298.67708	0.39
298.68750	0.42
298.69792	0.45
298.70833	0.47
298.71875	0.46
298.72917	0.48
298.73958	0.47
298.75000	0.45
298.76042	0.41
298.77083	0.37
298.78125	0.35
298.79167	0.29
298.80208	0.24
298.81250	0.17
298.82292	0.11
298.83333	0.05
298.84375	-0.03
298.85417	-0.09
298.86458	-0.21
298.87500	-0.26
298.88542	-0.32
298.89583	-0.39
298.90625	-0.45
298.91667	-0.56
298.92708	-0.58
298.93750	-0.62
298.94792	-0.69
298.95833	-0.73
298.96875	-0.75
298.97917	-0.80
298.98958	-0.78
299.00000	-0.82
299.01042	-0.83
299.02083	-0.74
299.03125	-0.78
299.04167	-0.73
299.05208	-0.69
299.06250	-0.68
299.07292	-0.59
299.08333	-0.53
299.09375	-0.45
299.10417	-0.45
299.11458	-0.36
299.12500	-0.27
299.13542	-0.22
299.14583	-0.15
299.15625	-0.11
299.16667	0.00
299.17708	0.05
299.18750	0.11
299.19792	0.15
299.20833	0.18
299.21875	0.26
299.22917	0.27
299.23958	0.28
299.25000	0.30
299.26042	0.28
299.27083	0.28
299.28125	0.30
299.29167	0.24
299.30208	0.19
299.31250	0.20
299.32292	0.14
299.33333	0.11
299.34375	0.07
299.35417	-0.02
299.36458	-0.06
299.37500	-0.14
299.38542	-0.18
299.39583	-0.22
299.40625	-0.34
299.41667	-0.35
299.42708	-0.39
299.43750	-0.46
299.44792	-0.49
299.45833	-0.54
299.46875	-0.58
299.47917	-0.54
299.48958	-0.59
299.50000	-0.65
299.51042	-0.62
299.52083	-0.59
299.53125	-0.61
299.54167	-0.57
299.55208	-0.56
299.56250	-0.52
299.57292	-0.45
299.58333	-0.44
299.59375	-0.36
299.60417	-0.31
299.61458	-0.27
299.62500	-0.16
299.63542	-0.10
299.64583	-0.07
299.65625	0.02
299.66667	0.07
299.67708	0.15
299.68750	0.21
299.69792	0.21
299.70833	0.28
299.71875	0.31
299.72917	0.34
299.73958	0.37
299.75000	0.37
299.76042	0.38
299.77083	0.37
299.78125	0.38
299.79167	0.34
299.80208	0.32
299.81250	0.27
299.82292	0.21
299.83333	0.20
299.84375	0.10
299.85417	0.05
299.86458	-0.03
299.87500	-0.11
299.88542	-0.16
299.89583	-0.26
299.90625	-0.30
299.91667	-0.39
299.92708	-0.44
299.93750	-0.52
299.94792	-0.58
299.95833	-0.62
299.96875	-0.70
299.97917	-0.70
299.98958	-0.78
300.00000	-0.80
300.01042	-0.78
300.02083	-0.84
300.03125	-0.82
300.04167	-0.82
300.05208	-0.82
300.06250	-0.75
300.07292	-0.75
300.08333	-0.68
300.09375	-0.66
300.10417	-0.58
300.11458	-0.52
300.12500	-0.46
300.13542	-0.38
300.14583	-0.34
300.15625	-0.21
300.16667	-0.17
300.17708	-0.10
300.18750	-0.01
300.19792	0.03
300.20833	0.13
300.21875	0.17
300.22917	0.22
300.23958	0.26
300.25000	0.28
300.26042	0.36
300.27083	0.35
300.28125	0.34
300.29167	0.34
300.30208	0.37
300.31250	0.33
300.32292	0.31
300.33333	0.30
300.34375	0.21
300.35417	0.21
300.36458	0.14
300.37500	0.07
300.38542	0.04
300.39583	-0.08
300.40625	-0.10
300.41667	-0.19
300.42708	-0.24
300.43750	-0.34
300.44792	-0.36
300.45833	-0.41
300.46875	-0.51
300.47917	-0.52
300.48958	-0.57
300.50000	-0.61
300.51042	-0.61
300.52083	-0.67
300.53125	-0.66
300.54167	-0.66
300.55208	-0.66
300.56250	-0.68
300.57292	-0.64
300.58333	-0.58
300.59375	-0.58
300.60417	-0.52
300.61458	-0.50
300.62500	-0.41
300.63542	-0.33
300.64583	-0.30
300.65625	-0.23
300.66667	-0.16
300.67708	-0.06
300.68750	-0.04
300.69792	0.02
300.70833	0.10
300.71875	0.13
300.72917	0.22
300.73958	0.26
300.75000	0.27
300.76042	0.29
300.77083	0.37
300.78125	0.37
300.79167	0.34
300.80208	0.38
300.81250	0.33
300.82292	0.34
300.83333	0.35
300.84375	0.21
300.85417	0.23
300.86458	0.19
300.87500	0.10
300.88542	0.07
300.89583	-0.04
300.90625	-0.09
300.91667	-0.14
300.92708	-0.18
300.93750	-0.30
300.94792	-0.35
300.95833	-0.39
300.96875	-0.44
300.97917	-0.51
300.98958	-0.61
301.00000	-0.62
301.01042	-0.62
301.02083	-0.69
301.03125	-0.67
301.04167	-0.71
301.05208	-0.71
301.06250	-0.69
301.07292	-0.69
301.08333	-0.64
301.09375	-0.65
301.10417	-0.58
301.11458	-0.52
301.12500	-0.51
301.13542	-0.41
301.14583	-0.34
301.15625	-0.29
301.16667	-0.21
301.17708	-0.11
301.18750	-0.05
301.19792	0.01
301.20833	0.12
301.21875	0.17
301.22917	0.27
301.23958	0.34
301.25000	0.28
301.26042	0.43
301.27083	0.46
301.28125	0.46
301.29167	0.46
301.30208	0.50
301.31250	0.54
301.32292	0.55
301.33333	0.52
301.34375	0.44
301.35417	0.48
301.36458	0.44
301.37500	0.38
301.38542	0.36
301.39583	0.23
301.40625	0.19
301.41667	0.19
301.42708	0.07
301.43750	-0.06
301.44792	-0.09
301.45833	-0.09
301.46875	-0.25
301.47917	-0.26
301.48958	-0.32
301.50000	-0.42
301.51042	-0.39
301.52083	-0.47
301.53125	-0.57
301.54167	-0.57
301.55208	-0.54
301.56250	-0.61
301.57292	-0.72
301.58333	-0.55
301.59375	-0.58
301.60417	-0.61
301.61458	-0.61
301.62500	-0.55
301.63542	-0.51
301.64583	-0.44
301.65625	-0.40
301.66667	-0.44
301.67708	-0.28
301.68750	-0.13
301.69792	-0.21
301.70833	-0.14
301.71875	-0.05
301.72917	0.06
301.73958	0.06
301.75000	0.11
301.76042	0.18
301.77083	0.18
301.78125	0.32
301.79167	0.32
301.80208	0.24
301.81250	0.33
301.82292	0.35
301.83333	0.35
301.84375	0.32
301.85417	0.29
301.86458	0.25
301.87500	0.24
301.88542	0.24
301.89583	0.13
301.90625	0.06
301.91667	0.04
301.92708	0.01
301.93750	-0.08
301.94792	-0.17
301.95833	-0.17
301.96875	-0.26
301.97917	-0.34
301.98958	-0.34
302.00000	-0.43
302.01042	-0.46
302.02083	-0.49
302.03125	-0.53
302.04167	-0.53
302.05208	-0.54
302.06250	-0.56
302.07292	-0.55
302.08333	-0.53
302.09375	-0.52
302.10417	-0.49
302.11458	-0.44
302.12500	-0.39
302.13542	-0.37
302.14583	-0.29
302.15625	-0.19
302.16667	-0.17
302.17708	-0.07
302.18750	0.03
302.19792	0.09
302.20833	0.18
302.21875	0.27
302.22917	0.33
302.23958	0.40
302.25000	0.50
302.26042	0.57
302.27083	0.58
302.28125	0.64
302.29167	0.71
302.30208	0.72
302.31250	0.76
302.32292	0.79
302.33333	0.75
302.34375	0.78
302.35417	0.79
302.36458	0.74
302.37500	0.70
302.38542	0.67
302.39583	0.61
302.40625	0.54
302.41667	0.49
302.42708	0.41
302.43750	0.32
302.44792	0.26
302.45833	0.16
302.46875	0.07
302.47917	0.01
302.48958	-0.08
302.50000	-0.17
302.51042	-0.23
302.52083	-0.28
302.53125	-0.39
302.54167	-0.42
302.55208	-0.48
302.56250	-0.53
302.57292	-0.57
302.58333	-0.58
302.59375	-0.61
302.60417	-0.65
302.61458	-0.63
302.62500	-0.62
302.63542	-0.60
302.64583	-0.59
302.65625	-0.55
302.66667	-0.51
302.67708	-0.45
302.68750	-0.42
302.69792	-0.37
302.70833	-0.29
302.71875	-0.23
302.72917	-0.18
302.73958	-0.12
302.75000	-0.07
302.76042	-0.01
302.77083	0.08
302.78125	0.10
302.79167	0.15
302.80208	0.18
302.81250	0.23
302.82292	0.25
302.83333	0.29
302.84375	0.29
302.85417	0.27
302.86458	0.30
302.87500	0.26
302.88542	0.23
302.89583	0.23
302.90625	0.18
302.91667	0.13
302.92708	0.08
302.93750	0.03
302.94792	-0.03
302.95833	-0.11
302.96875	-0.16
302.97917	-0.24
302.98958	-0.29
303.00000	-0.34
303.01042	-0.39
303.02083	-0.48
303.03125	-0.51
303.04167	-0.54
303.05208	-0.58
303.06250	-0.60
303.07292	-0.63
303.08333	-0.65
303.09375	-0.65
303.10417	-0.63
303.11458	-0.64
303.12500	-0.62
303.13542	-0.60
303.14583	-0.55
303.15625	-0.52
303.16667	-0.48
303.17708	-0.39
303.18750	-0.38
303.19792	-0.29
303.20833	-0.21
303.21875	-0.15
303.22917	-0.07
303.23958	-0.01
303.25000	0.05
303.26042	0.13
303.27083	0.18
303.28125	0.24
303.29167	0.31
303.30208	0.34
303.31250	0.39
303.32292	0.42
303.33333	0.47
303.34375	0.49
303.35417	0.47
303.36458	0.49
303.37500	0.51
303.38542	0.46
303.39583	0.43
303.40625	0.39
303.41667	0.34
303.42708	0.29
303.43750	0.24
303.44792	0.15
303.45833	0.09
303.46875	0.02
303.47917	-0.06
303.48958	-0.12
303.50000	-0.23
303.51042	-0.30
303.52083	-0.36
303.53125	-0.43
303.54167	-0.50
303.55208	-0.59
303.56250	-0.63
303.57292	-0.65
303.58333	-0.72
303.59375	-0.78
303.60417	-0.78
303.61458	-0.81
303.62500	-0.83
303.63542	-0.82
303.64583	-0.85
303.65625	-0.79
303.66667	-0.78
303.67708	-0.77
303.68750	-0.72
303.69792	-0.70
303.70833	-0.65
303.71875	-0.57
303.72917	-0.53
303.73958	-0.49
303.75000	-0.42
303.76042	-0.36
303.77083	-0.28
303.78125	-0.22
303.79167	-0.20
303.80208	-0.13
303.81250	-0.05
303.82292	-0.03
303.83333	-0.01
303.84375	0.04
303.85417	0.06
303.86458	0.10
303.87500	0.08
303.88542	0.09
303.89583	0.09
303.90625	0.08
303.91667	0.07
303.92708	0.04
303.93750	0.00
303.94792	-0.04
303.95833	-0.08
303.96875	-0.13
303.97917	-0.17
303.98958	-0.25
304.00000	-0.31
304.01042	-0.32
304.02083	-0.39
304.03125	-0.44
304.04167	-0.48
304.05208	-0.55
304.06250	-0.54
304.07292	-0.58
304.08333	-0.61
304.09375	-0.63
304.10417	-0.64
304.11458	-0.65
304.12500	-0.63
304.13542	-0.63
304.14583	-0.63
304.15625	-0.60
304.16667	-0.55
304.17708	-0.51
304.18750	-0.48
304.19792	-0.44
304.20833	-0.34
304.21875	-0.29
304.22917	-0.25
304.23958	-0.16
304.25000	-0.10
304.26042	-0.04
304.27083	0.04
304.28125	0.08
304.29167	0.15
304.30208	0.22
304.31250	0.26
304.32292	0.33
304.33333	0.34
304.34375	0.39
304.35417	0.42
304.36458	0.47
304.37500	0.46
304.38542	0.47
304.39583	0.46
304.40625	0.45
304.41667	0.44
304.42708	0.39
304.43750	0.33
304.44792	0.29
304.45833	0.25
304.46875	0.17
304.47917	0.09
304.48958	0.04
304.50000	-0.03
304.51042	-0.15
304.52083	-0.21
304.53125	-0.28
304.54167	-0.36
304.55208	-0.40
304.56250	-0.51
304.57292	-0.60
304.58333	-0.61
304.59375	-0.65
304.60417	-0.73
304.61458	-0.77
304.62500	-0.79
304.63542	-0.82
304.64583	-0.80
304.65625	-0.83
304.66667	-0.88
304.67708	-0.85
304.68750	-0.81
304.69792	-0.80
304.70833	-0.79
304.71875	-0.76
304.72917	-0.70
304.73958	-0.67
304.75000	-0.60
304.76042	-0.57
304.77083	-0.50
304.78125	-0.44
304.79167	-0.39
304.80208	-0.34
304.81250	-0.29
304.82292	-0.24
304.83333	-0.19
304.84375	-0.14
304.85417	-0.12
304.86458	-0.07
304.87500	-0.05
304.88542	-0.04
304.89583	0.00
304.90625	0.01
304.91667	0.01
304.92708	0.00
304.93750	-0.01
304.94792	-0.02
304.95833	-0.06
304.96875	-0.10
304.97917	-0.12
304.98958	-0.15
305.00000	-0.22
305.01042	-0.28
305.02083	-0.31
305.03125	-0.37
305.04167	-0.41
305.05208	-0.45
305.06250	-0.48
305.07292	-0.54
305.08333	-0.57
305.09375	-0.58
305.10417	-0.62
305.11458	-0.64
305.12500	-0.65
305.13542	-0.67
305.14583	-0.65
305.15625	-0.65
305.16667	-0.64
305.17708	-0.62
305.18750	-0.58
305.19792	-0.55
305.20833	-0.52
305.21875	-0.45
305.22917	-0.40
305.23958	-0.37
305.25000	-0.30
305.26042	-0.23
305.27083	-0.17
305.28125	-0.11
305.29167	-0.04
305.30208	0.00
305.31250	0.08
305.32292	0.14
305.33333	0.19
305.34375	0.24
305.35417	0.30
305.36458	0.33
305.37500	0.35
305.38542	0.38
305.39583	0.41
305.40625	0.41
305.41667	0.40
305.42708	0.40
305.43750	0.36
305.44792	0.36
305.45833	0.33
305.46875	0.26
305.47917	0.22
305.48958	0.18
305.50000	0.12
305.51042	0.02
305.52083	-0.03
305.53125	-0.10
305.54167	-0.16
305.55208	-0.26
305.56250	-0.33
305.57292	-0.40
305.58333	-0.46
305.59375	-0.50
305.60417	-0.60
305.61458	-0.64
305.62500	-0.67
305.63542	-0.72
305.64583	-0.75
305.65625	-0.78
305.66667	-0.83
305.67708	-0.82
305.68750	-0.80
305.69792	-0.85
305.70833	-0.83
305.71875	-0.80
305.72917	-0.80
305.73958	-0.74
305.75000	-0.72
305.76042	-0.71
305.77083	-0.64
305.78125	-0.59
305.79167	-0.53
305.80208	-0.51
305.81250	-0.45
305.82292	-0.39
305.83333	-0.36
305.84375	-0.30
305.85417	-0.26
305.86458	-0.22
305.87500	-0.18
305.88542	-0.13
305.89583	-0.10
305.90625	-0.08
305.91667	-0.05
305.92708	-0.06
305.93750	-0.03
305.94792	-0.02
305.95833	-0.06
305.96875	-0.04
305.97917	-0.07
305.98958	-0.11
306.00000	-0.12
306.01042	-0.16
306.02083	-0.20
306.03125	-0.24
306.04167	-0.26
306.05208	-0.31
306.06250	-0.33
306.07292	-0.38
306.08333	-0.41
306.09375	-0.42
306.10417	-0.46
306.11458	-0.49
306.12500	-0.51
306.13542	-0.52
306.14583	-0.52
306.15625	-0.55
306.16667	-0.54
306.17708	-0.53
306.18750	-0.51
306.19792	-0.49
306.20833	-0.47
306.21875	-0.43
306.22917	-0.40
306.23958	-0.34
306.25000	-0.31
306.26042	-0.27
306.27083	-0.19
306.28125	-0.15
306.29167	-0.07
306.30208	-0.02
306.31250	0.04
306.32292	0.12
306.33333	0.16
306.34375	0.23
306.35417	0.27
306.36458	0.33
306.37500	0.39
306.38542	0.39
306.39583	0.43
306.40625	0.47
306.41667	0.50
306.42708	0.49
306.43750	0.51
306.44792	0.50
306.45833	0.49
306.46875	0.48
306.47917	0.43
306.48958	0.43
306.50000	0.36
306.51042	0.31
306.52083	0.26
306.53125	0.19
306.54167	0.13
306.55208	0.07
306.56250	0.02
306.57292	-0.10
306.58333	-0.14
306.59375	-0.21
306.60417	-0.26
306.61458	-0.32
306.62500	-0.41
306.63542	-0.46
306.64583	-0.51
306.65625	-0.54
306.66667	-0.53
306.67708	-0.64
306.68750	-0.64
306.69792	-0.67
306.70833	-0.71
306.71875	-0.70
306.72917	-0.68
306.73958	-0.71
306.75000	-0.69
306.76042	-0.63
306.77083	-0.63
306.78125	-0.60
306.79167	-0.57
306.80208	-0.53
306.81250	-0.46
306.82292	-0.43
306.83333	-0.44
306.84375	-0.33
306.85417	-0.30
306.86458	-0.24
306.87500	-0.25
306.88542	-0.17
306.89583	-0.12
306.90625	-0.10
306.91667	-0.10
306.92708	-0.02
306.93750	0.01
306.94792	0.00
306.95833	0.04
306.96875	0.01
306.97917	0.05
306.98958	0.05
307.00000	0.01
307.01042	0.02
307.02083	-0.02
307.03125	0.01
307.04167	-0.04
307.05208	-0.10
307.06250	-0.07
307.07292	-0.14
307.08333	-0.13
307.09375	-0.17
307.10417	-0.21
307.11458	-0.22
307.12500	-0.26
307.13542	-0.25
307.14583	-0.29
307.15625	-0.29
307.16667	-0.33
307.17708	-0.35
307.18750	-0.25
307.19792	-0.34
307.20833	-0.30
307.21875	-0.27
307.22917	-0.31
307.23958	-0.20
307.25000	-0.20
307.26042	-0.21
307.27083	-0.14
307.28125	-0.11
307.29167	-0.02
307.30208	0.00
307.31250	0.04
307.32292	0.07
307.33333	0.18
307.34375	0.23
307.35417	0.27
307.36458	0.33
307.37500	0.33
307.38542	0.42
307.39583	0.48
307.40625	0.45
307.41667	0.52
307.42708	0.55
307.43750	0.58
307.44792	0.60
307.45833	0.57
307.46875	0.57
307.47917	0.58
307.48958	0.60
307.50000	0.54
307.51042	0.51
307.52083	0.44
307.53125	0.45
307.54167	0.43
307.55208	0.31
307.56250	0.24
307.57292	0.20
307.58333	0.21
307.59375	0.12
307.60417	0.01
307.61458	-0.03
307.62500	-0.04
307.63542	-0.09
307.64583	-0.16
307.65625	-0.25
307.66667	-0.32
307.67708	-0.32
307.68750	-0.23
307.69792	-0.42
307.70833	-0.51
307.71875	-0.36
307.72917	-0.49
307.73958	-0.50
307.75000	-0.50
307.76042	-0.55
307.77083	-0.44
307.78125	-0.50
307.79167	-0.55
307.80208	-0.55
307.81250	-0.38
307.82292	-0.45
307.83333	-0.35
307.84375	-0.33
307.85417	-0.47
307.86458	-0.11
307.87500	-0.36
307.88542	-0.18
307.89583	-0.18
307.90625	-0.13
307.91667	-0.04
307.92708	-0.12
307.93750	0.05
307.94792	0.00
307.95833	0.06
307.96875	0.10
307.97917	0.09
307.98958	0.06
308.00000	-0.01
308.01042	0.18
308.02083	0.03
308.03125	0.09
308.04167	0.03
308.05208	-0.01
308.06250	0.09
308.07292	0.00
308.08333	-0.03
308.09375	-0.02
308.10417	-0.10
308.11458	-0.04
308.12500	-0.10
308.13542	-0.16
308.14583	-0.12
308.15625	-0.18
308.16667	-0.17
308.17708	-0.18
308.18750	-0.21
308.19792	-0.23
308.20833	-0.18
308.21875	-0.25
308.22917	-0.20
308.23958	-0.17
308.25000	-0.25
308.26042	-0.15
308.27083	-0.12
308.28125	-0.18
308.29167	-0.07
308.30208	-0.08
308.31250	-0.02
308.32292	0.00
308.33333	0.03
308.34375	0.10
308.35417	0.18
308.36458	0.15
308.37500	0.23
308.38542	0.29
308.39583	0.31
308.40625	0.37
308.41667	0.34
308.42708	0.42
308.43750	0.46
308.44792	0.47
308.45833	0.47
308.46875	0.50
308.47917	0.51
308.48958	0.54
308.50000	0.54
308.51042	0.47
308.52083	0.48
308.53125	0.48
308.54167	0.45
308.55208	0.41
308.56250	0.35
308.57292	0.30
308.58333	0.30
308.59375	0.27
308.60417	0.18
308.61458	0.14
308.62500	0.08
308.63542	0.06
308.64583	0.02
308.65625	-0.08
308.66667	-0.11
308.67708	-0.13
308.68750	-0.20
308.69792	-0.23
308.70833	-0.27
308.71875	-0.31
308.72917	-0.32
308.73958	-0.33
308.75000	-0.38
308.76042	-0.40
308.77083	-0.36
308.78125	-0.39
308.79167	-0.40
308.80208	-0.40
308.81250	-0.37
308.82292	-0.34
308.83333	-0.33
308.84375	-0.31
308.85417	-0.32
308.86458	-0.23
308.87500	-0.18
308.88542	-0.24
308.89583	-0.18
308.90625	-0.10
308.91667	-0.08
308.92708	-0.05
308.93750	0.00
308.94792	0.01
308.95833	0.05
308.96875	0.11
308.97917	0.11
308.98958	0.11
309.00000	0.15
309.01042	0.15
309.02083	0.20
309.03125	0.18
309.04167	0.17
309.05208	0.18
309.06250	0.18
309.07292	0.19
309.08333	0.16
309.09375	0.12
309.10417	0.11
309.11458	0.12
309.12500	0.07
309.13542	0.06
309.14583	0.03
309.15625	-0.01
309.16667	0.02
309.17708	-0.04
309.18750	-0.07
309.19792	-0.07
309.20833	-0.10
309.21875	-0.10
309.22917	-0.14
309.23958	-0.15
309.25000	-0.12
309.26042	-0.15
309.27083	-0.18
309.28125	-0.15
309.29167	-0.16
309.30208	-0.15
309.31250	-0.12
309.32292	-0.13
309.33333	-0.10
309.34375	-0.04
309.35417	-0.05
309.36458	-0.01
309.37500	0.04
309.38542	0.04
309.39583	0.10
309.40625	0.13
309.41667	0.17
309.42708	0.21
309.43750	0.21
309.44792	0.27
309.45833	0.30
309.46875	0.32
309.47917	0.35
309.48958	0.37
309.50000	0.38
309.51042	0.43
309.52083	0.40
309.53125	0.36
309.54167	0.40
309.55208	0.38
309.56250	0.37
309.57292	0.32
309.58333	0.27
309.59375	0.29
309.60417	0.24
309.61458	0.22
309.62500	0.16
309.63542	0.11
309.64583	0.11
309.65625	0.04
309.66667	-0.01
309.67708	-0.07
309.68750	-0.11
309.69792	-0.13
309.70833	-0.21
309.71875	-0.25
309.72917	-0.32
309.73958	-0.31
309.75000	-0.38
309.76042	-0.42
309.77083	-0.44
309.78125	-0.48
309.79167	-0.46
309.80208	-0.49
309.81250	-0.54
309.82292	-0.53
309.83333	-0.52
309.84375	-0.45
309.85417	-0.49
309.86458	-0.65
309.87500	-0.33
309.88542	-0.52
309.89583	-0.45
309.90625	-0.26
309.91667	-0.55
309.92708	-0.23
309.93750	-0.29
309.94792	-0.31
309.95833	-0.20
309.96875	-0.20
309.97917	-0.16
309.98958	-0.13
310.00000	-0.06
310.01042	-0.13
310.02083	0.01
310.03125	0.03
310.04167	-0.03
310.05208	0.08
310.06250	0.00
310.07292	0.09
310.08333	0.10
310.09375	0.04
310.10417	0.06
310.11458	0.07
310.12500	0.07
310.13542	0.06
310.14583	0.02
310.15625	0.03
310.16667	0.01
310.17708	0.00
310.18750	0.02
310.19792	-0.06
310.20833	-0.06
310.21875	0.00
310.22917	-0.11
310.23958	-0.09
310.25000	-0.13
310.26042	-0.13
310.27083	-0.10
310.28125	-0.17
310.29167	-0.14
310.30208	-0.16
310.31250	-0.12
310.32292	-0.15
310.33333	-0.12
310.34375	-0.12
310.35417	-0.11
310.36458	-0.03
310.37500	-0.03
310.38542	-0.01
310.39583	0.01
310.40625	0.03
310.41667	0.10
310.42708	0.10
310.43750	0.15
310.44792	0.17
310.45833	0.20
310.46875	0.24
310.47917	0.29
310.48958	0.28
310.50000	0.34
310.51042	0.40
310.52083	0.37
310.53125	0.33
310.54167	0.44
310.55208	0.45
310.56250	0.38
310.57292	0.44
310.58333	0.38
310.59375	0.37
310.60417	0.44
310.61458	0.36
310.62500	0.33
310.63542	0.29
310.64583	0.29
310.65625	0.29
310.66667	0.19
310.67708	0.15
310.68750	0.11
310.69792	0.05
310.70833	0.02
310.71875	-0.05
310.72917	-0.07
310.73958	-0.15
310.75000	-0.18
310.76042	-0.22
310.77083	-0.28
310.78125	-0.33
310.79167	-0.37
310.80208	-0.38
310.81250	-0.45
310.82292	-0.47
310.83333	-0.47
310.84375	-0.51
310.85417	-0.55
310.86458	-0.51
310.87500	-0.53
310.88542	-0.54
310.89583	-0.53
310.90625	-0.53
310.91667	-0.50
310.92708	-0.48
310.93750	-0.46
310.94792	-0.43
310.95833	-0.43
310.96875	-0.34
310.97917	-0.35
310.98958	-0.30
311.00000	-0.26
311.01042	-0.27
311.02083	-0.17
311.03125	-0.15
311.04167	-0.14
311.05208	-0.11
311.06250	-0.07
311.07292	-0.03
311.08333	-0.04
311.09375	0.03
311.10417	0.01
311.11458	0.01
311.12500	0.08
311.13542	0.01
311.14583	0.05
311.15625	0.06
311.16667	0.01
311.17708	0.04
311.18750	0.01
311.19792	0.00
311.20833	-0.01
311.21875	-0.05
311.22917	-0.05
311.23958	-0.09
311.25000	-0.10
311.26042	-0.13
311.27083	-0.16
311.28125	-0.19
311.29167	-0.19
311.30208	-0.23
311.31250	-0.24
311.32292	-0.25
311.33333	-0.25
311.34375	-0.26
311.35417	-0.27
311.36458	-0.28
311.37500	-0.25
311.38542	-0.25
311.39583	-0.24
311.40625	-0.22
311.41667	-0.20
311.42708	-0.19
311.43750	-0.15
311.44792	-0.11
311.45833	-0.10
311.46875	-0.05
311.47917	-0.03
311.48958	0.03
311.50000	0.10
311.51042	0.06
311.52083	0.14
311.53125	0.16
311.54167	0.20
311.55208	0.23
311.56250	0.24
311.57292	0.27
311.58333	0.28
311.59375	0.31
311.60417	0.30
311.61458	0.31
311.62500	0.30
311.63542	0.31
311.64583	0.32
311.65625	0.25
311.66667	0.26
311.67708	0.22
311.68750	0.19
311.69792	0.17
311.70833	0.09
311.71875	0.07
311.72917	0.01
311.73958	-0.03
311.75000	-0.08
311.76042	-0.16
311.77083	-0.18
311.78125	-0.24
311.79167	-0.31
311.80208	-0.35
311.81250	-0.41
311.82292	-0.46
311.83333	-0.47
311.84375	-0.52
311.85417	-0.59
311.86458	-0.57
311.87500	-0.60
311.88542	-0.65
311.89583	-0.63
311.90625	-0.66
311.91667	-0.65
311.92708	-0.61
311.93750	-0.63
311.94792	-0.62
311.95833	-0.59
311.96875	-0.53
311.97917	-0.55
311.98958	-0.51
312.00000	-0.43
312.01042	-0.44
312.02083	-0.37
312.03125	-0.33
312.04167	-0.28
312.05208	-0.25
312.06250	-0.18
312.07292	-0.15
312.08333	-0.11
312.09375	-0.05
312.10417	-0.04
312.11458	0.00
312.12500	0.03
312.13542	0.05
312.14583	0.08
312.15625	0.07
312.16667	0.09
312.17708	0.09
312.18750	0.10
312.19792	0.09
312.20833	0.07
312.21875	0.05
312.22917	0.02
312.23958	0.01
312.25000	-0.02
312.26042	-0.06
312.27083	-0.09
312.28125	-0.13
312.29167	-0.15
312.30208	-0.17
312.31250	-0.22
312.32292	-0.25
312.33333	-0.27
312.34375	-0.27
312.35417	-0.33
312.36458	-0.36
312.37500	-0.32
312.38542	-0.37
312.39583	-0.38
312.40625	-0.35
312.41667	-0.37
312.42708	-0.39
312.43750	-0.32
312.44792	-0.33
312.45833	-0.32
312.46875	-0.30
312.47917	-0.25
312.48958	-0.24
312.50000	-0.19
312.51042	-0.17
312.52083	-0.13
312.53125	-0.07
312.54167	-0.04
312.55208	0.00
312.56250	0.02
312.57292	0.07
312.58333	0.12
312.59375	0.14
312.60417	0.16
312.61458	0.20
312.62500	0.24
312.63542	0.25
312.64583	0.24
312.65625	0.25
312.66667	0.27
312.67708	0.25
312.68750	0.23
312.69792	0.22
312.70833	0.18
312.71875	0.17
312.72917	0.13
312.73958	0.07
312.75000	0.01
312.76042	0.00
312.77083	-0.05
312.78125	-0.15
312.79167	-0.18
312.80208	-0.24
312.81250	-0.31
312.82292	-0.33
312.83333	-0.44
312.84375	-0.48
312.85417	-0.51
312.86458	-0.56
312.87500	-0.62
312.88542	-0.66
312.89583	-0.67
312.90625	-0.70
312.91667	-0.72
312.92708	-0.74
312.93750	-0.74
312.94792	-0.76
312.95833	-0.72
312.96875	-0.73
312.97917	-0.70
312.98958	-0.65
313.00000	-0.65
313.01042	-0.61
313.02083	-0.55
313.03125	-0.49
313.04167	-0.47
313.05208	-0.41
313.06250	-0.35
313.07292	-0.31
313.08333	-0.22
313.09375	-0.20
313.10417	-0.16
313.11458	-0.08
313.12500	-0.05
313.13542	0.00
313.14583	0.02
313.15625	0.05
313.16667	0.10
313.17708	0.10
313.18750	0.11
313.19792	0.13
313.20833	0.13
313.21875	0.13
313.22917	0.11
313.23958	0.11
313.25000	0.08
313.26042	0.04
313.27083	0.03
313.28125	-0.02
313.29167	-0.07
313.30208	-0.08
313.31250	-0.12
313.32292	-0.18
313.33333	-0.22
313.34375	-0.24
313.35417	-0.28
313.36458	-0.31
313.37500	-0.36
313.38542	-0.42
313.39583	-0.41
313.40625	-0.41
313.41667	-0.48
313.42708	-0.49
313.43750	-0.48
313.44792	-0.47
313.45833	-0.48
313.46875	-0.48
313.47917	-0.46
313.48958	-0.41
313.50000	-0.39
313.51042	-0.37
313.52083	-0.34
313.53125	-0.28
313.54167	-0.24
313.55208	-0.19
313.56250	-0.15
313.57292	-0.11
313.58333	-0.04
313.59375	-0.01
313.60417	0.04
313.61458	0.10
313.62500	0.12
313.63542	0.19
313.64583	0.21
313.65625	0.24
313.66667	0.26
313.67708	0.27
313.68750	0.29
313.69792	0.28
313.70833	0.28
313.71875	0.26
313.72917	0.25
313.73958	0.22
313.75000	0.19
313.76042	0.17
313.77083	0.10
313.78125	0.06
313.79167	-0.02
313.80208	-0.05
313.81250	-0.11
313.82292	-0.20
313.83333	-0.25
313.84375	-0.33
313.85417	-0.40
313.86458	-0.46
313.87500	-0.50
313.88542	-0.58
313.89583	-0.62
313.90625	-0.66
313.91667	-0.74
313.92708	-0.73
313.93750	-0.76
313.94792	-0.79
313.95833	-0.81
313.96875	-0.80
313.97917	-0.80
313.98958	-0.80
314.00000	-0.76
314.01042	-0.76
314.02083	-0.73
314.03125	-0.67
314.04167	-0.65
314.05208	-0.60
314.06250	-0.53
314.07292	-0.48
314.08333	-0.41
314.09375	-0.35
314.10417	-0.28
314.11458	-0.24
314.12500	-0.16
314.13542	-0.08
314.14583	-0.06
314.15625	0.00
314.16667	0.05
314.17708	0.09
314.18750	0.14
314.19792	0.16
314.20833	0.17
314.21875	0.20
314.22917	0.22
314.23958	0.20
314.25000	0.18
314.26042	0.20
314.27083	0.16
314.28125	0.14
314.29167	0.09
314.30208	0.07
314.31250	0.02
314.32292	-0.05
314.33333	-0.09
314.34375	-0.14
314.35417	-0.18
314.36458	-0.24
314.37500	-0.31
314.38542	-0.35
314.39583	-0.39
314.40625	-0.45
314.41667	-0.48
314.42708	-0.51
314.43750	-0.56
314.44792	-0.59
314.45833	-0.60
314.46875	-0.61
314.47917	-0.61
314.48958	-0.64
314.50000	-0.62
314.51042	-0.60
314.52083	-0.57
314.53125	-0.55
314.54167	-0.53
314.55208	-0.49
314.56250	-0.43
314.57292	-0.39
314.58333	-0.32
314.59375	-0.25
314.60417	-0.24
314.61458	-0.14
314.62500	-0.07
314.63542	-0.05
314.64583	0.03
314.65625	0.07
314.66667	0.12
314.67708	0.16
314.68750	0.19
314.69792	0.20
314.70833	0.24
314.71875	0.27
314.72917	0.24
314.73958	0.26
314.75000	0.25
314.76042	0.24
314.77083	0.19
314.78125	0.19
314.79167	0.14
314.80208	0.06
314.81250	0.04
314.82292	-0.05
314.83333	-0.11
314.84375	-0.15
314.85417	-0.23
314.86458	-0.32
314.87500	-0.39
314.88542	-0.46
314.89583	-0.51
314.90625	-0.56
314.91667	-0.66
314.92708	-0.71
314.93750	-0.73
314.94792	-0.76
314.95833	-0.78
314.96875	-0.86
314.97917	-0.87
314.98958	-0.84
315.00000	-0.84
