274.32292	-0.040
274.33333	-0.014
274.34375	0.016
274.35417	0.051
274.36458	0.089
274.37500	0.133
274.38542	0.173
274.39583	0.214
274.40625	0.252
274.41667	0.286
274.42708	0.316
274.43750	0.340
274.44792	0.351
274.45833	0.355
274.46875	0.347
274.47917	0.330
274.48958	0.310
274.50000	0.288
274.51042	0.267
274.52083	0.246
274.53125	0.226
274.54167	0.205
274.55208	0.182
274.56250	0.189
274.57292	0.149
274.58333	0.131
274.59375	0.115
274.60417	0.099
274.61458	0.084
274.62500	0.069
274.63542	0.057
274.64583	0.045
274.65625	0.032
274.66667	0.021
274.67708	0.010
274.68750	0.001
274.69792	-0.009
274.70833	-0.019
274.71875	-0.027
274.72917	-0.038
274.73958	-0.043
274.75000	-0.050
274.76042	-0.057
274.77083	-0.062
274.78125	-0.067
274.79167	-0.070
274.80208	-0.071
274.81250	-0.071
274.82292	-0.066
274.83333	-0.059
274.84375	-0.047
274.85417	-0.031
274.86458	-0.011
274.87500	0.015
274.88542	0.043
274.89583	0.073
274.90625	0.102
274.91667	0.132
274.92708	0.160
274.93750	0.184
274.94792	0.203
274.95833	0.219
274.96875	0.228
274.97917	0.219
274.98958	0.205
275.00000	0.192
275.01042	0.177
275.02083	0.162
275.03125	0.145
275.04167	0.129
275.05208	0.113
275.06250	0.098
275.07292	0.083
275.08333	0.069
275.09375	0.055
275.10417	0.042
275.11458	0.029
275.12500	0.018
275.13542	0.007
275.14583	-0.004
275.15625	-0.014
275.16667	-0.022
275.17708	-0.031
275.18750	-0.040
275.19792	-0.048
275.20833	-0.056
275.21875	-0.063
275.22917	-0.069
275.23958	-0.076
275.25000	-0.082
275.26042	-0.087
275.27083	-0.092
275.28125	-0.094
275.29167	-0.095
275.30208	-0.095
275.31250	-0.092
275.32292	-0.087
275.33333	-0.076
275.34375	-0.059
275.35417	-0.034
275.36458	-0.005
275.37500	0.029
275.38542	0.068
275.39583	0.111
275.40625	0.154
275.41667	0.195
275.42708	0.237
275.43750	0.274
275.44792	0.307
275.45833	0.332
275.46875	0.352
275.47917	0.367
275.48958	0.361
275.50000	0.344
275.51042	0.324
275.52083	0.304
275.53125	0.283
275.54167	0.265
275.55208	0.244
275.56250	0.222
275.57292	0.202
275.58333	0.185
275.59375	0.166
275.60417	0.148
275.61458	0.135
275.62500	0.112
275.63542	0.096
275.64583	0.080
275.65625	0.059
275.66667	0.050
275.67708	0.039
275.68750	0.027
275.69792	0.016
275.70833	0.004
275.71875	-0.005
275.72917	-0.016
275.73958	-0.024
275.75000	-0.033
275.76042	-0.041
275.77083	-0.048
275.78125	-0.057
275.79167	-0.061
275.80208	-0.067
275.81250	-0.072
275.82292	-0.076
275.83333	-0.078
275.84375	-0.074
275.85417	-0.071
275.86458	-0.063
275.87500	-0.052
275.88542	-0.039
275.89583	-0.021
275.90625	0.000
275.91667	0.025
275.92708	0.050
275.93750	0.075
275.94792	0.099
275.95833	0.124
275.96875	0.146
275.97917	0.162
275.98958	0.173
276.00000	0.182
276.01042	0.185
276.02083	0.178
276.03125	0.170
276.04167	0.157
276.05208	0.144
276.06250	0.131
276.07292	0.116
276.08333	0.101
276.09375	0.089
276.10417	0.076
276.11458	0.062
276.12500	0.050
276.13542	0.038
276.14583	0.027
276.15625	0.019
276.16667	0.007
276.17708	-0.003
276.18750	-0.012
276.19792	-0.021
276.20833	-0.030
276.21875	-0.038
276.22917	-0.046
276.23958	-0.052
276.25000	-0.060
276.26042	-0.066
276.27083	-0.072
276.28125	-0.077
276.29167	-0.081
276.30208	-0.083
276.31250	-0.083
276.32292	-0.082
276.33333	-0.077
276.34375	-0.069
276.35417	-0.056
276.36458	-0.039
276.37500	-0.014
276.38542	0.015
276.39583	0.048
276.40625	0.084
276.41667	0.121
276.42708	0.162
276.43750	0.201
276.44792	0.242
276.45833	0.275
276.46875	0.305
276.47917	0.331
276.48958	0.350
276.50000	0.362
276.51042	0.366
276.52083	0.360
276.53125	0.344
276.54167	0.327
276.55208	0.306
276.56250	0.287
276.57292	0.266
276.58333	0.247
276.59375	0.226
276.60417	0.206
276.61458	0.187
276.62500	0.167
276.63542	0.149
276.64583	0.133
276.65625	0.114
276.66667	0.100
276.67708	0.081
276.68750	0.071
276.69792	0.056
276.70833	0.044
276.71875	0.031
276.72917	0.020
276.73958	0.008
276.75000	-0.002
276.76042	-0.011
276.77083	-0.020
276.78125	-0.029
276.79167	-0.037
276.80208	-0.044
276.81250	-0.051
276.82292	-0.059
276.83333	-0.064
276.84375	-0.069
276.85417	-0.073
276.86458	-0.077
276.87500	-0.078
276.88542	-0.078
276.89583	-0.076
276.90625	-0.072
276.91667	-0.065
276.92708	-0.057
276.93750	-0.046
276.94792	-0.034
276.95833	-0.018
276.96875	-0.003
276.97917	0.014
276.98958	0.030
277.00000	0.046
277.01042	0.060
277.02083	0.070
277.03125	0.073
277.04167	0.073
277.05208	0.069
277.06250	0.063
277.07292	0.056
277.08333	0.048
277.09375	0.039
277.10417	0.031
277.11458	0.021
277.12500	0.013
277.13542	0.001
277.14583	-0.005
277.15625	-0.013
277.16667	-0.023
277.17708	-0.031
277.18750	-0.038
277.19792	-0.044
277.20833	-0.054
277.21875	-0.060
277.22917	-0.066
277.23958	-0.073
277.25000	-0.077
277.26042	-0.084
277.27083	-0.089
277.28125	-0.095
277.29167	-0.098
277.30208	-0.104
277.31250	-0.105
277.32292	-0.105
277.33333	-0.104
277.34375	-0.100
277.35417	-0.094
277.36458	-0.084
277.37500	-0.070
277.38542	-0.050
277.39583	-0.026
277.40625	0.005
277.41667	0.039
277.42708	0.076
277.43750	0.114
277.44792	0.155
277.45833	0.195
277.46875	0.233
277.47917	0.269
277.48958	0.305
277.50000	0.335
277.51042	0.358
277.52083	0.374
277.53125	0.387
277.54167	0.394
277.55208	0.387
277.56250	0.374
277.57292	0.357
277.58333	0.342
277.59375	0.319
277.60417	0.295
277.61458	0.279
277.62500	0.259
277.63542	0.242
277.64583	0.223
277.65625	0.202
277.66667	0.184
277.67708	0.165
277.68750	0.149
277.69792	0.132
277.70833	0.116
277.71875	0.100
277.72917	0.086
277.73958	0.073
277.75000	0.060
277.76042	0.046
277.77083	0.036
277.78125	0.024
277.79167	0.013
277.80208	0.005
277.81250	-0.004
277.82292	-0.015
277.83333	-0.022
277.84375	-0.032
277.85417	-0.034
277.86458	-0.043
277.87500	-0.052
277.88542	-0.053
277.89583	-0.060
277.90625	-0.061
277.91667	-0.060
277.92708	-0.057
277.93750	-0.060
277.94792	-0.048
277.95833	-0.042
277.96875	-0.028
277.97917	-0.025
277.98958	-0.009
278.00000	0.005
278.01042	0.018
278.02083	0.029
278.03125	0.043
278.04167	0.052
278.05208	0.060
278.06250	0.063
278.07292	0.061
278.08333	0.058
278.09375	0.053
278.10417	0.046
278.11458	0.040
278.12500	0.032
278.13542	0.023
278.14583	0.015
278.15625	0.007
278.16667	-0.001
278.17708	-0.009
278.18750	-0.018
278.19792	-0.025
278.20833	-0.032
278.21875	-0.039
278.22917	-0.046
278.23958	-0.053
278.25000	-0.060
278.26042	-0.065
278.27083	-0.071
278.28125	-0.076
278.29167	-0.080
278.30208	-0.086
278.31250	-0.091
278.32292	-0.097
278.33333	-0.094
278.34375	-0.097
278.35417	-0.097
278.36458	-0.092
278.37500	-0.087
278.38542	-0.082
278.39583	-0.071
278.40625	-0.056
278.41667	-0.033
278.42708	-0.002
278.43750	0.016
278.44792	0.049
278.45833	0.073
278.46875	0.118
278.47917	0.150
278.48958	0.184
278.50000	0.223
278.51042	0.253
278.52083	0.279
278.53125	0.306
278.54167	0.329
278.55208	0.342
278.56250	0.352
278.57292	0.348
278.58333	0.338
278.59375	0.327
278.60417	0.315
278.61458	0.299
278.62500	0.281
278.63542	0.266
278.64583	0.250
278.65625	0.232
278.66667	0.211
278.67708	0.194
278.68750	0.177
278.69792	0.160
278.70833	0.143
278.71875	0.127
278.72917	0.112
278.73958	0.098
278.75000	0.084
278.76042	0.070
278.77083	0.056
278.78125	0.045
278.79167	0.033
278.80208	0.022
278.81250	0.013
278.82292	0.002
278.83333	-0.007
278.84375	-0.016
278.85417	-0.023
278.86458	-0.032
278.87500	-0.039
278.88542	-0.046
278.89583	-0.052
278.90625	-0.059
278.91667	-0.062
278.92708	-0.066
278.93750	-0.070
278.94792	-0.072
278.95833	-0.072
278.96875	-0.070
278.97917	-0.068
278.98958	-0.063
279.00000	-0.058
279.01042	-0.054
279.02083	-0.047
279.03125	-0.039
279.04167	-0.032
279.05208	-0.024
279.06250	-0.017
279.07292	-0.010
279.08333	-0.006
279.09375	-0.004
279.10417	-0.002
279.11458	-0.003
279.12500	-0.005
279.13542	-0.009
279.14583	-0.014
279.15625	-0.019
279.16667	-0.023
279.17708	-0.028
279.18750	-0.035
279.19792	-0.040
279.20833	-0.046
279.21875	-0.053
279.22917	-0.056
279.23958	-0.060
279.25000	-0.068
279.26042	-0.073
279.27083	-0.077
279.28125	-0.081
279.29167	-0.087
279.30208	-0.092
279.31250	-0.095
279.32292	-0.098
279.33333	-0.100
279.34375	-0.102
279.35417	-0.103
279.36458	-0.101
279.37500	-0.099
279.38542	-0.094
279.39583	-0.089
279.40625	-0.081
279.41667	-0.068
279.42708	-0.054
279.43750	-0.033
279.44792	-0.010
279.45833	0.016
279.46875	0.044
279.47917	0.074
279.48958	0.108
279.50000	0.141
279.51042	0.174
279.52083	0.208
279.53125	0.243
279.54167	0.272
279.55208	0.298
279.56250	0.320
279.57292	0.340
279.58333	0.350
279.59375	0.351
279.60417	0.347
279.61458	0.340
279.62500	0.326
279.63542	0.308
279.64583	0.289
279.65625	0.271
279.66667	0.253
279.67708	0.238
279.68750	0.219
279.69792	0.201
279.70833	0.184
279.71875	0.167
279.72917	0.152
279.73958	0.135
279.75000	0.123
279.76042	0.106
279.77083	0.092
279.78125	0.078
279.79167	0.064
279.80208	0.053
279.81250	0.041
279.82292	0.029
279.83333	0.020
279.84375	0.009
279.85417	-0.002
279.86458	-0.011
279.87500	-0.018
279.88542	-0.027
279.89583	-0.035
279.90625	-0.043
279.91667	-0.050
279.92708	-0.055
279.93750	-0.061
279.94792	-0.067
279.95833	-0.071
279.96875	-0.076
279.97917	-0.080
279.98958	-0.082
280.00000	-0.085
280.01042	-0.085
280.02083	-0.084
280.03125	-0.081
280.04167	-0.078
280.05208	-0.075
280.06250	-0.069
280.07292	-0.065
280.08333	-0.058
280.09375	-0.053
280.10417	-0.048
280.11458	-0.044
280.12500	-0.038
280.13542	-0.033
280.14583	-0.032
280.15625	-0.033
280.16667	-0.033
280.17708	-0.033
280.18750	-0.034
280.19792	-0.038
280.20833	-0.043
280.21875	-0.046
280.22917	-0.049
280.23958	-0.053
280.25000	-0.057
280.26042	-0.063
280.27083	-0.065
280.28125	-0.072
280.29167	-0.076
280.30208	-0.080
280.31250	-0.084
280.32292	-0.087
280.33333	-0.090
280.34375	-0.093
280.35417	-0.096
280.36458	-0.097
280.37500	-0.097
280.38542	-0.095
280.39583	-0.092
280.40625	-0.089
280.41667	-0.083
280.42708	-0.078
280.43750	-0.065
280.44792	-0.054
280.45833	-0.040
280.46875	-0.021
280.47917	-0.001
280.48958	0.023
280.50000	0.051
280.51042	0.080
280.52083	0.112
280.53125	0.146
280.54167	0.179
280.55208	0.212
280.56250	0.243
280.57292	0.271
280.58333	0.297
280.59375	0.319
280.60417	0.341
280.61458	0.355
280.62500	0.358
280.63542	0.367
280.64583	0.364
280.65625	0.356
280.66667	0.339
280.67708	0.323
280.68750	0.307
280.69792	0.288
280.70833	0.272
280.71875	0.256
280.72917	0.237
280.73958	0.217
280.75000	0.203
280.76042	0.183
280.77083	0.167
280.78125	0.150
280.79167	0.134
280.80208	0.118
280.81250	0.103
280.82292	0.089
280.83333	0.075
280.84375	0.062
280.85417	0.048
280.86458	0.037
280.87500	0.025
280.88542	0.015
280.89583	0.006
280.90625	-0.004
280.91667	-0.014
280.92708	-0.022
280.93750	-0.029
280.94792	-0.037
280.95833	-0.044
280.96875	-0.051
280.97917	-0.057
280.98958	-0.062
281.00000	-0.068
281.01042	-0.072
281.02083	-0.077
281.03125	-0.078
281.04167	-0.080
281.05208	-0.081
281.06250	-0.081
281.07292	-0.079
281.08333	-0.077
281.09375	-0.075
281.10417	-0.070
281.11458	-0.065
281.12500	-0.062
281.13542	-0.056
281.14583	-0.052
281.15625	-0.045
281.16667	-0.042
281.17708	-0.039
281.18750	-0.036
281.19792	-0.032
281.20833	-0.032
281.21875	-0.033
281.22917	-0.035
281.23958	-0.037
281.25000	-0.039
281.26042	-0.043
281.27083	-0.047
281.28125	-0.052
281.29167	-0.056
281.30208	-0.060
281.31250	-0.064
281.32292	-0.068
281.33333	-0.073
281.34375	-0.076
281.35417	-0.080
281.36458	-0.085
281.37500	-0.089
281.38542	-0.091
281.39583	-0.093
281.40625	-0.095
281.41667	-0.098
281.42708	-0.097
281.43750	-0.098
281.44792	-0.093
281.45833	-0.092
281.46875	-0.088
281.47917	-0.083
281.48958	-0.072
281.50000	-0.061
281.51042	-0.047
281.52083	-0.031
281.53125	-0.008
281.54167	0.011
281.55208	0.032
281.56250	0.058
281.57292	0.083
281.58333	0.110
281.59375	0.138
281.60417	0.166
281.61458	0.186
281.62500	0.206
281.63542	0.227
281.64583	0.251
281.65625	0.265
281.66667	0.271
281.67708	0.289
281.68750	0.300
281.69792	0.286
281.70833	0.276
281.71875	0.275
281.72917	0.261
281.73958	0.244
281.75000	0.228
281.76042	0.213
281.77083	0.197
281.78125	0.183
281.79167	0.167
281.80208	0.152
281.81250	0.136
281.82292	0.122
281.83333	0.108
281.84375	0.092
281.85417	0.081
281.86458	0.069
281.87500	0.057
281.88542	0.046
281.89583	0.032
281.90625	0.021
281.91667	0.010
281.92708	0.002
281.93750	-0.006
281.94792	-0.015
281.95833	-0.027
281.96875	-0.031
281.97917	-0.043
281.98958	-0.046
282.00000	-0.054
282.01042	-0.059
282.02083	-0.065
282.03125	-0.067
282.04167	-0.073
282.05208	-0.084
282.06250	-0.078
282.07292	-0.087
282.08333	-0.092
282.09375	-0.092
282.10417	-0.094
282.11458	-0.090
282.12500	-0.088
282.13542	-0.083
282.14583	-0.078
282.15625	-0.071
282.16667	-0.065
282.17708	-0.059
282.18750	-0.050
282.19792	-0.040
282.20833	-0.029
282.21875	-0.024
282.22917	-0.015
282.23958	-0.008
282.25000	0.003
282.26042	-0.001
282.27083	-0.001
282.28125	-0.004
282.29167	-0.009
282.30208	-0.014
282.31250	-0.019
282.32292	-0.025
282.33333	-0.031
282.34375	-0.028
282.35417	-0.015
282.36458	-0.045
282.37500	-0.055
282.38542	-0.026
282.39583	-0.064
282.40625	-0.054
282.41667	-0.082
282.42708	-0.082
282.43750	-0.092
282.44792	-0.079
282.45833	-0.083
282.46875	-0.081
282.47917	-0.095
282.48958	-0.097
282.50000	-0.090
282.51042	-0.089
282.52083	-0.085
282.53125	-0.085
282.54167	-0.070
282.55208	-0.062
282.56250	-0.028
282.57292	-0.013
282.58333	0.012
282.59375	0.039
282.60417	0.060
282.61458	0.098
282.62500	0.121
282.63542	0.168
282.64583	0.199
282.65625	0.239
282.66667	0.272
282.67708	0.291
282.68750	0.335
282.69792	0.354
282.70833	0.365
282.71875	0.380
282.72917	0.393
282.73958	0.394
282.75000	0.388
282.76042	0.374
282.77083	0.364
282.78125	0.350
282.79167	0.322
282.80208	0.337
282.81250	0.300
282.82292	0.272
282.83333	0.255
282.84375	0.233
282.85417	0.223
282.86458	0.201
282.87500	0.176
282.88542	0.161
282.89583	0.140
282.90625	0.132
282.91667	0.106
282.92708	0.096
282.93750	0.084
282.94792	0.068
282.95833	0.062
282.96875	0.045
282.97917	0.041
282.98958	0.030
283.00000	0.015
283.01042	0.008
283.02083	-0.001
283.03125	-0.009
283.04167	-0.017
283.05208	-0.022
283.06250	-0.028
283.07292	-0.034
283.08333	-0.031
283.09375	-0.031
283.10417	-0.026
283.11458	-0.020
283.12500	-0.013
283.13542	0.000
283.14583	0.012
283.15625	0.029
283.16667	0.055
283.17708	0.062
283.18750	0.087
283.19792	0.102
283.20833	0.126
283.21875	0.152
283.22917	0.166
283.23958	0.183
283.25000	0.196
283.26042	0.203
283.27083	0.216
283.28125	0.215
283.29167	0.208
283.30208	0.200
283.31250	0.190
283.32292	0.178
283.33333	0.168
283.34375	0.156
283.35417	0.144
283.36458	0.124
283.37500	0.122
283.38542	0.103
283.39583	0.105
283.40625	0.078
283.41667	0.073
283.42708	0.058
283.43750	0.053
283.44792	0.052
283.45833	0.036
283.46875	0.023
283.47917	0.008
283.48958	-0.002
283.50000	-0.005
283.51042	-0.010
283.52083	-0.017
283.53125	-0.016
283.54167	-0.022
283.55208	-0.029
283.56250	-0.025
283.57292	-0.022
283.58333	-0.006
283.59375	-0.013
283.60417	0.013
283.61458	0.025
283.62500	0.043
283.63542	0.068
283.64583	0.094
283.65625	0.122
283.66667	0.156
283.67708	0.181
283.68750	0.209
283.69792	0.243
283.70833	0.271
283.71875	0.294
283.72917	0.317
283.73958	0.335
283.75000	0.346
283.76042	0.350
283.77083	0.345
283.78125	0.337
283.79167	0.323
283.80208	0.308
283.81250	0.290
283.82292	0.273
283.83333	0.255
283.84375	0.238
283.85417	0.219
283.86458	0.202
283.87500	0.184
283.88542	0.166
283.89583	0.149
283.90625	0.132
283.91667	0.116
283.92708	0.100
283.93750	0.087
283.94792	0.072
283.95833	0.060
283.96875	0.048
283.97917	0.036
283.98958	0.023
284.00000	0.014
284.01042	0.004
284.02083	-0.006
284.03125	-0.013
284.04167	-0.022
284.05208	-0.032
284.06250	-0.039
284.07292	-0.046
284.08333	-0.052
284.09375	-0.058
284.10417	-0.064
284.11458	-0.069
284.12500	-0.077
284.13542	-0.079
284.14583	-0.082
284.15625	-0.083
284.16667	-0.082
284.17708	-0.079
284.18750	-0.075
284.19792	-0.068
284.20833	-0.060
284.21875	-0.048
284.22917	-0.037
284.23958	-0.022
284.25000	-0.007
284.26042	0.010
284.27083	0.025
284.28125	0.038
284.29167	0.050
284.30208	0.059
284.31250	0.066
284.32292	0.066
284.33333	0.063
284.34375	0.057
284.35417	0.051
284.36458	0.044
284.37500	0.036
284.38542	0.029
284.39583	0.021
284.40625	0.012
284.41667	0.005
284.42708	-0.002
284.43750	-0.009
284.44792	-0.016
284.45833	-0.022
284.46875	-0.030
284.47917	-0.038
284.48958	-0.043
284.50000	-0.048
284.51042	-0.055
284.52083	-0.061
284.53125	-0.068
284.54167	-0.072
284.55208	-0.077
284.56250	-0.081
284.57292	-0.085
284.58333	-0.085
284.59375	-0.087
284.60417	-0.088
284.61458	-0.085
284.62500	-0.081
284.63542	-0.075
284.64583	-0.065
284.65625	-0.051
284.66667	-0.034
284.67708	-0.010
284.68750	0.019
284.69792	0.047
284.70833	0.081
284.71875	0.113
284.72917	0.149
284.73958	0.182
284.75000	0.215
284.76042	0.245
284.77083	0.272
284.78125	0.291
284.79167	0.304
284.80208	0.314
284.81250	0.310
284.82292	0.297
284.83333	0.280
284.84375	0.262
284.85417	0.245
284.86458	0.227
284.87500	0.208
284.88542	0.189
284.89583	0.172
284.90625	0.154
284.91667	0.137
284.92708	0.121
284.93750	0.106
284.94792	0.091
284.95833	0.076
284.96875	0.063
284.97917	0.050
284.98958	0.038
285.00000	0.027
285.01042	0.016
285.02083	0.006
285.03125	-0.004
285.04167	-0.012
285.05208	-0.021
285.06250	-0.030
285.07292	-0.038
285.08333	-0.045
285.09375	-0.052
285.10417	-0.059
285.11458	-0.064
285.12500	-0.071
285.13542	-0.076
285.14583	-0.081
285.15625	-0.085
285.16667	-0.087
285.17708	-0.091
285.18750	-0.090
285.19792	-0.088
285.20833	-0.084
285.21875	-0.077
285.22917	-0.068
285.23958	-0.056
285.25000	-0.039
285.26042	-0.021
285.27083	0.000
285.28125	0.020
285.29167	0.041
285.30208	0.062
285.31250	0.079
285.32292	0.092
285.33333	0.101
285.34375	0.107
285.35417	0.102
285.36458	0.097
285.37500	0.088
285.38542	0.078
285.39583	0.070
285.40625	0.060
285.41667	0.049
285.42708	0.039
285.43750	0.031
285.44792	0.023
285.45833	0.013
285.46875	0.005
285.47917	-0.004
285.48958	-0.012
285.50000	-0.019
285.51042	-0.027
285.52083	-0.036
285.53125	-0.041
285.54167	-0.048
285.55208	-0.055
285.56250	-0.059
285.57292	-0.067
285.58333	-0.073
285.59375	-0.077
285.60417	-0.082
285.61458	-0.085
285.62500	-0.085
285.63542	-0.088
285.64583	-0.087
285.65625	-0.084
285.66667	-0.079
285.67708	-0.068
285.68750	-0.053
285.69792	-0.032
285.70833	-0.006
285.71875	0.026
285.72917	0.061
285.73958	0.100
285.75000	0.141
285.76042	0.180
285.77083	0.222
285.78125	0.260
285.79167	0.292
285.80208	0.321
285.81250	0.344
285.82292	0.357
285.83333	0.360
285.84375	0.354
285.85417	0.340
285.86458	0.320
285.87500	0.298
285.88542	0.277
285.89583	0.258
285.90625	0.237
285.91667	0.216
285.92708	0.197
285.93750	0.177
285.94792	0.159
285.95833	0.142
285.96875	0.124
285.97917	0.107
285.98958	0.094
286.00000	0.080
286.01042	0.066
286.02083	0.053
286.03125	0.038
286.04167	0.028
286.05208	0.018
286.06250	0.008
286.07292	-0.003
286.08333	-0.013
286.09375	-0.020
286.10417	-0.028
286.11458	-0.037
286.12500	-0.044
286.13542	-0.050
286.14583	-0.056
286.15625	-0.066
286.16667	-0.067
286.17708	-0.073
286.18750	-0.076
286.19792	-0.075
286.20833	-0.077
286.21875	-0.074
286.22917	-0.068
286.23958	-0.059
286.25000	-0.045
286.26042	-0.028
286.27083	-0.005
286.28125	0.019
286.29167	0.047
286.30208	0.076
286.31250	0.100
286.32292	0.127
286.33333	0.150
286.34375	0.169
286.35417	0.184
286.36458	0.188
286.37500	0.182
286.38542	0.172
286.39583	0.161
286.40625	0.150
286.41667	0.135
286.42708	0.123
286.43750	0.109
286.44792	0.097
286.45833	0.084
286.46875	0.071
286.47917	0.058
286.48958	0.046
286.50000	0.037
286.51042	0.029
286.52083	0.016
286.53125	0.008
286.54167	-0.001
286.55208	-0.008
286.56250	-0.017
286.57292	-0.025
286.58333	-0.035
286.59375	-0.041
286.60417	-0.048
286.61458	-0.056
286.62500	-0.063
286.63542	-0.061
286.64583	-0.057
286.65625	-0.072
286.66667	-0.077
286.67708	-0.073
286.68750	-0.077
286.69792	-0.075
286.70833	-0.069
286.71875	-0.056
286.72917	-0.040
286.73958	-0.013
286.75000	0.024
286.76042	0.051
286.77083	0.090
286.78125	0.134
286.79167	0.176
286.80208	0.218
286.81250	0.258
286.82292	0.293
286.83333	0.321
286.84375	0.344
286.85417	0.359
286.86458	0.362
286.87500	0.348
286.88542	0.329
286.89583	0.309
286.90625	0.289
286.91667	0.269
286.92708	0.248
286.93750	0.229
286.94792	0.208
286.95833	0.186
286.96875	0.169
286.97917	0.152
286.98958	0.135
287.00000	0.118
287.01042	0.102
287.02083	0.089
287.03125	0.074
287.04167	0.059
287.05208	0.047
287.06250	0.035
287.07292	0.023
287.08333	0.014
287.09375	0.003
287.10417	-0.007
287.11458	-0.016
287.12500	-0.024
287.13542	-0.031
287.14583	-0.039
287.15625	-0.047
287.16667	-0.052
287.17708	-0.058
287.18750	-0.061
287.19792	-0.067
287.20833	-0.070
287.21875	-0.070
287.22917	-0.067
287.23958	-0.063
287.25000	-0.055
287.26042	-0.040
287.27083	-0.018
287.28125	0.008
287.29167	0.039
287.30208	0.073
287.31250	0.111
287.32292	0.142
287.33333	0.178
287.34375	0.210
287.35417	0.231
287.36458	0.258
287.37500	0.274
287.38542	0.283
287.39583	0.281
287.40625	0.267
287.41667	0.250
287.42708	0.233
287.43750	0.212
287.44792	0.196
287.45833	0.178
287.46875	0.162
287.47917	0.145
287.48958	0.129
287.50000	0.113
287.51042	0.097
287.52083	0.084
287.53125	0.071
287.54167	0.059
287.55208	0.045
287.56250	0.035
287.57292	0.024
287.58333	0.016
287.59375	0.006
287.60417	-0.004
287.61458	-0.013
287.62500	-0.019
287.63542	-0.028
287.64583	-0.035
287.65625	-0.042
287.66667	-0.049
287.67708	-0.055
287.68750	-0.059
287.69792	-0.064
287.70833	-0.067
287.71875	-0.066
287.72917	-0.064
287.73958	-0.059
287.75000	-0.050
287.76042	-0.033
287.77083	-0.009
287.78125	0.024
287.79167	0.061
287.80208	0.102
287.81250	0.143
287.82292	0.189
287.83333	0.232
287.84375	0.270
287.85417	0.303
287.86458	0.332
287.87500	0.351
287.88542	0.359
287.89583	0.359
287.90625	0.347
287.91667	0.331
287.92708	0.310
287.93750	0.287
287.94792	0.267
287.95833	0.247
287.96875	0.226
287.97917	0.206
287.98958	0.187
288.00000	0.168
288.01042	0.150
288.02083	0.132
288.03125	0.116
288.04167	0.100
288.05208	0.085
288.06250	0.070
288.07292	0.058
288.08333	0.045
288.09375	0.033
288.10417	0.023
288.11458	0.013
288.12500	0.001
288.13542	-0.008
288.14583	-0.015
288.15625	-0.023
288.16667	-0.032
288.17708	-0.040
288.18750	-0.047
288.19792	-0.051
288.20833	-0.058
288.21875	-0.060
288.22917	-0.061
288.23958	-0.060
288.25000	-0.055
288.26042	-0.046
288.27083	-0.029
288.28125	-0.006
288.29167	0.025
288.30208	0.062
288.31250	0.103
288.32292	0.148
288.33333	0.192
288.34375	0.238
288.35417	0.281
288.36458	0.321
288.37500	0.356
288.38542	0.382
288.39583	0.405
288.40625	0.411
288.41667	0.411
288.42708	0.402
288.43750	0.379
288.44792	0.358
288.45833	0.337
288.46875	0.317
288.47917	0.293
288.48958	0.271
288.50000	0.250
288.51042	0.229
288.52083	0.208
288.53125	0.191
288.54167	0.172
288.55208	0.153
288.56250	0.136
288.57292	0.121
288.58333	0.107
288.59375	0.094
288.60417	0.078
288.61458	0.070
288.62500	0.055
288.63542	0.043
288.64583	0.033
288.65625	0.023
288.66667	0.014
288.67708	0.004
288.68750	-0.004
288.69792	-0.010
288.70833	-0.018
288.71875	-0.023
288.72917	-0.027
288.73958	-0.027
288.75000	-0.025
288.76042	-0.018
288.77083	-0.006
288.78125	0.012
288.79167	0.037
288.80208	0.069
288.81250	0.104
288.82292	0.145
288.83333	0.187
288.84375	0.231
288.85417	0.271
288.86458	0.307
288.87500	0.344
288.88542	0.371
288.89583	0.393
288.90625	0.396
288.91667	0.409
288.92708	0.404
288.93750	0.380
288.94792	0.360
288.95833	0.337
288.96875	0.318
288.97917	0.296
288.98958	0.275
289.00000	0.253
289.01042	0.231
289.02083	0.210
289.03125	0.189
289.04167	0.171
289.05208	0.151
289.06250	0.134
289.07292	0.116
289.08333	0.102
289.09375	0.086
289.10417	0.072
289.11458	0.059
289.12500	0.046
289.13542	0.035
289.14583	0.023
289.15625	0.013
289.16667	0.002
289.17708	-0.006
289.18750	-0.015
289.19792	-0.022
289.20833	-0.031
289.21875	-0.036
289.22917	-0.042
289.23958	-0.045
289.25000	-0.045
289.26042	-0.042
289.27083	-0.035
289.28125	-0.022
289.29167	0.000
289.30208	0.029
289.31250	0.067
289.32292	0.108
289.33333	0.156
289.34375	0.208
289.35417	0.259
289.36458	0.306
289.37500	0.356
289.38542	0.406
289.39583	0.429
289.40625	0.462
289.41667	0.487
289.42708	0.503
289.43750	0.505
289.44792	0.488
289.45833	0.467
289.46875	0.448
289.47917	0.419
289.48958	0.398
289.50000	0.376
289.51042	0.349
289.52083	0.325
289.53125	0.306
289.54167	0.264
289.55208	0.244
289.56250	0.241
289.57292	0.194
289.58333	0.181
289.59375	0.155
289.60417	0.153
289.61458	0.122
289.62500	0.115
289.63542	0.087
289.64583	0.084
289.65625	0.057
289.66667	0.052
289.67708	0.037
289.68750	0.035
289.69792	0.017
289.70833	0.003
289.71875	0.005
289.72917	-0.010
289.73958	-0.012
289.75000	-0.024
289.76042	-0.026
289.77083	-0.034
289.78125	-0.038
289.79167	-0.032
289.80208	-0.032
289.81250	-0.013
289.82292	0.005
289.83333	0.030
289.84375	0.060
289.85417	0.097
289.86458	0.133
289.87500	0.169
289.88542	0.210
289.89583	0.249
289.90625	0.281
289.91667	0.309
289.92708	0.334
289.93750	0.353
289.94792	0.359
289.95833	0.350
289.96875	0.335
289.97917	0.321
289.98958	0.301
290.00000	0.281
290.01042	0.262
290.02083	0.242
290.03125	0.221
290.04167	0.202
290.05208	0.181
290.06250	0.162
290.07292	0.146
290.08333	0.127
290.09375	0.112
290.10417	0.096
290.11458	0.082
290.12500	0.067
290.13542	0.055
290.14583	0.042
290.15625	0.030
290.16667	0.018
290.17708	0.009
290.18750	0.000
290.19792	-0.006
290.20833	-0.017
290.21875	-0.026
290.22917	-0.033
290.23958	-0.042
290.25000	-0.044
290.26042	-0.048
290.27083	-0.047
290.28125	-0.044
290.29167	-0.035
290.30208	-0.018
290.31250	0.001
290.32292	0.031
290.33333	0.067
290.34375	0.111
290.35417	0.159
290.36458	0.210
290.37500	0.263
290.38542	0.317
290.39583	0.366
290.40625	0.409
290.41667	0.448
290.42708	0.478
290.43750	0.507
290.44792	0.519
290.45833	0.522
290.46875	0.507
290.47917	0.494
290.48958	0.466
290.50000	0.446
290.51042	0.421
290.52083	0.399
290.53125	0.373
290.54167	0.344
290.55208	0.319
290.56250	0.295
290.57292	0.271
290.58333	0.252
290.59375	0.231
290.60417	0.207
290.61458	0.185
290.62500	0.162
290.63542	0.148
290.64583	0.130
290.65625	0.107
290.66667	0.099
290.67708	0.078
290.68750	0.073
290.69792	0.054
290.70833	0.044
290.71875	0.036
290.72917	0.023
290.73958	0.014
290.75000	0.003
290.76042	-0.006
290.77083	-0.017
290.78125	-0.023
290.79167	-0.029
290.80208	-0.035
290.81250	-0.040
290.82292	-0.042
290.83333	-0.042
290.84375	-0.039
290.85417	-0.032
290.86458	-0.022
290.87500	-0.007
290.88542	0.012
290.89583	0.034
290.90625	0.060
290.91667	0.088
290.92708	0.115
290.93750	0.141
290.94792	0.168
290.95833	0.189
290.96875	0.202
290.97917	0.208
290.98958	0.210
291.00000	0.201
291.01042	0.190
291.02083	0.176
291.03125	0.162
291.04167	0.146
291.05208	0.131
291.06250	0.118
291.07292	0.102
291.08333	0.089
291.09375	0.076
291.10417	0.062
291.11458	0.051
291.12500	0.037
291.13542	0.026
291.14583	0.017
291.15625	0.007
291.16667	-0.005
291.17708	-0.013
291.18750	-0.022
291.19792	-0.029
291.20833	-0.037
291.21875	-0.045
291.22917	-0.053
291.23958	-0.059
291.25000	-0.064
291.26042	-0.070
291.27083	-0.075
291.28125	-0.079
291.29167	-0.081
291.30208	-0.081
291.31250	-0.079
291.32292	-0.074
291.33333	-0.065
291.34375	-0.049
291.35417	-0.026
291.36458	0.005
291.37500	0.043
291.38542	0.087
291.39583	0.134
291.40625	0.185
291.41667	0.237
291.42708	0.286
291.43750	0.333
291.44792	0.373
291.45833	0.410
291.46875	0.435
291.47917	0.459
291.48958	0.469
291.50000	0.468
291.51042	0.452
291.52083	0.432
291.53125	0.410
291.54167	0.388
291.55208	0.363
291.56250	0.343
291.57292	0.320
291.58333	0.298
291.59375	0.273
291.60417	0.252
291.61458	0.230
291.62500	0.208
291.63542	0.188
291.64583	0.170
291.65625	0.151
291.66667	0.133
291.67708	0.117
291.68750	0.101
291.69792	0.087
291.70833	0.075
291.71875	0.060
291.72917	0.048
291.73958	0.037
291.75000	0.026
291.76042	0.016
291.77083	0.006
291.78125	-0.003
291.79167	-0.012
291.80208	-0.020
291.81250	-0.028
291.82292	-0.035
291.83333	-0.042
291.84375	-0.048
291.85417	-0.052
291.86458	-0.057
291.87500	-0.060
291.88542	-0.061
291.89583	-0.060
291.90625	-0.055
291.91667	-0.050
291.92708	-0.046
291.93750	-0.035
291.94792	-0.022
291.95833	-0.007
291.96875	0.010
291.97917	0.026
291.98958	0.040
292.00000	0.051
292.01042	0.059
292.02083	0.062
292.03125	0.060
292.04167	0.056
292.05208	0.049
292.06250	0.042
292.07292	0.034
292.08333	0.026
292.09375	0.018
292.10417	0.009
292.11458	0.001
292.12500	-0.008
292.13542	-0.015
292.14583	-0.023
292.15625	-0.030
292.16667	-0.036
292.17708	-0.048
292.18750	-0.051
292.19792	-0.058
292.20833	-0.065
292.21875	-0.071
292.22917	-0.077
292.23958	-0.084
292.25000	-0.088
292.26042	-0.094
292.27083	-0.098
292.28125	-0.103
292.29167	-0.107
292.30208	-0.111
292.31250	-0.113
292.32292	-0.114
292.33333	-0.114
292.34375	-0.112
292.35417	-0.109
292.36458	-0.102
292.37500	-0.090
292.38542	-0.071
292.39583	-0.045
292.40625	-0.013
292.41667	0.025
292.42708	0.068
292.43750	0.115
292.44792	0.160
292.45833	0.205
292.46875	0.250
292.47917	0.291
292.48958	0.327
292.50000	0.356
292.51042	0.375
292.52083	0.390
292.53125	0.389
292.54167	0.377
292.55208	0.358
292.56250	0.337
292.57292	0.315
292.58333	0.293
292.59375	0.272
292.60417	0.250
292.61458	0.229
292.62500	0.208
292.63542	0.188
292.64583	0.169
292.65625	0.151
292.66667	0.132
292.67708	0.116
292.68750	0.100
292.69792	0.084
292.70833	0.070
292.71875	0.059
292.72917	0.045
292.73958	0.033
292.75000	0.023
292.76042	0.012
292.77083	0.002
292.78125	-0.006
292.79167	-0.016
292.80208	-0.025
292.81250	-0.032
292.82292	-0.041
292.83333	-0.047
292.84375	-0.055
292.85417	-0.062
292.86458	-0.069
292.87500	-0.074
292.88542	-0.079
292.89583	-0.086
292.90625	-0.090
292.91667	-0.094
292.92708	-0.098
292.93750	-0.101
292.94792	-0.104
292.95833	-0.105
292.96875	-0.105
292.97917	-0.104
292.98958	-0.101
293.00000	-0.098
293.01042	-0.094
293.02083	-0.091
293.03125	-0.086
293.04167	-0.083
293.05208	-0.081
293.06250	-0.081
293.07292	-0.083
293.08333	-0.085
293.09375	-0.088
293.10417	-0.092
293.11458	-0.096
293.12500	-0.100
293.13542	-0.105
293.14583	-0.109
293.15625	-0.113
293.16667	-0.117
293.17708	-0.122
293.18750	-0.127
293.19792	-0.130
293.20833	-0.135
293.21875	-0.140
293.22917	-0.142
293.23958	-0.146
293.25000	-0.151
293.26042	-0.155
293.27083	-0.159
293.28125	-0.164
293.29167	-0.166
293.30208	-0.169
293.31250	-0.171
293.32292	-0.175
293.33333	-0.177
293.34375	-0.180
293.35417	-0.180
293.36458	-0.180
293.37500	-0.180
293.38542	-0.178
293.39583	-0.176
293.40625	-0.173
293.41667	-0.166
293.42708	-0.156
293.43750	-0.143
293.44792	-0.119
293.45833	-0.094
293.46875	-0.062
293.47917	-0.026
293.48958	0.012
293.50000	0.051
293.51042	0.088
293.52083	0.124
293.53125	0.158
293.54167	0.188
293.55208	0.211
293.56250	0.227
293.57292	0.233
293.58333	0.229
293.59375	0.219
293.60417	0.205
293.61458	0.190
293.62500	0.176
293.63542	0.158
293.64583	0.143
293.65625	0.127
293.66667	0.113
293.67708	0.098
293.68750	0.084
293.69792	0.071
293.70833	0.057
293.71875	0.045
293.72917	0.034
293.73958	0.024
293.75000	0.012
293.76042	0.003
293.77083	-0.007
293.78125	-0.016
293.79167	-0.024
293.80208	-0.032
293.81250	-0.041
293.82292	-0.048
293.83333	-0.057
293.84375	-0.066
293.85417	-0.071
293.86458	-0.078
293.87500	-0.084
293.88542	-0.089
293.89583	-0.096
293.90625	-0.102
293.91667	-0.106
293.92708	-0.108
293.93750	-0.116
293.94792	-0.121
293.95833	-0.122
293.96875	-0.131
293.97917	-0.131
293.98958	-0.134
294.00000	-0.134
294.01042	-0.139
294.02083	-0.138
294.03125	-0.137
294.04167	-0.141
294.05208	-0.139
294.06250	-0.140
294.07292	-0.137
294.08333	-0.139
294.09375	-0.134
294.10417	-0.138
294.11458	-0.135
294.12500	-0.137
294.13542	-0.139
294.14583	-0.144
294.15625	-0.143
294.16667	-0.147
294.17708	-0.148
294.18750	-0.156
294.19792	-0.159
294.20833	-0.162
294.21875	-0.165
294.22917	-0.170
294.23958	-0.173
294.25000	-0.176
294.26042	-0.179
294.27083	-0.182
294.28125	-0.186
294.29167	-0.188
294.30208	-0.190
294.31250	-0.194
294.32292	-0.197
294.33333	-0.200
294.34375	-0.204
294.35417	-0.205
294.36458	-0.206
294.37500	-0.208
294.38542	-0.209
294.39583	-0.209
294.40625	-0.208
294.41667	-0.207
294.42708	-0.206
294.43750	-0.204
294.44792	-0.199
294.45833	-0.194
294.46875	-0.187
294.47917	-0.174
294.48958	-0.157
294.50000	-0.133
294.51042	-0.100
294.52083	-0.067
294.53125	-0.029
294.54167	0.008
294.55208	0.044
294.56250	0.081
294.57292	0.116
294.58333	0.145
294.59375	0.171
294.60417	0.191
294.61458	0.206
294.62500	0.213
294.63542	0.213
294.64583	0.201
294.65625	0.194
294.66667	0.177
294.67708	0.164
294.68750	0.148
294.69792	0.134
294.70833	0.119
294.71875	0.103
294.72917	0.088
294.73958	0.075
294.75000	0.062
294.76042	0.049
294.77083	0.037
294.78125	0.026
294.79167	0.015
294.80208	0.005
294.81250	-0.004
294.82292	-0.015
294.83333	-0.023
294.84375	-0.032
294.85417	-0.041
294.86458	-0.049
294.87500	-0.055
294.88542	-0.062
294.89583	-0.070
294.90625	-0.080
294.91667	-0.087
294.92708	-0.088
294.93750	-0.097
294.94792	-0.099
294.95833	-0.106
294.96875	-0.111
294.97917	-0.117
294.98958	-0.122
295.00000	-0.128
295.01042	-0.128
295.02083	-0.131
295.03125	-0.140
295.04167	-0.135
295.05208	-0.135
295.06250	-0.134
295.07292	-0.137
295.08333	-0.136
295.09375	-0.133
295.10417	-0.133
295.11458	-0.129
295.12500	-0.128
295.13542	-0.124
295.14583	-0.122
295.15625	-0.119
295.16667	-0.118
295.17708	-0.118
295.18750	-0.119
295.19792	-0.121
295.20833	-0.123
295.21875	-0.125
295.22917	-0.128
295.23958	-0.130
295.25000	-0.134
295.26042	-0.137
295.27083	-0.140
295.28125	-0.144
295.29167	-0.146
295.30208	-0.152
295.31250	-0.155
295.32292	-0.159
295.33333	-0.162
295.34375	-0.165
295.35417	-0.167
295.36458	-0.169
295.37500	-0.173
295.38542	-0.174
295.39583	-0.177
295.40625	-0.178
295.41667	-0.180
295.42708	-0.180
295.43750	-0.179
295.44792	-0.178
295.45833	-0.176
295.46875	-0.173
295.47917	-0.168
295.48958	-0.162
295.50000	-0.152
295.51042	-0.137
295.52083	-0.116
295.53125	-0.090
295.54167	-0.059
295.55208	-0.024
295.56250	0.015
295.57292	0.055
295.58333	0.095
295.59375	0.134
295.60417	0.175
295.61458	0.210
295.62500	0.244
295.63542	0.270
295.64583	0.294
295.65625	0.313
295.66667	0.322
295.67708	0.322
295.68750	0.309
295.69792	0.293
295.70833	0.278
295.71875	0.259
295.72917	0.240
295.73958	0.221
295.75000	0.202
295.76042	0.184
295.77083	0.166
295.78125	0.149
295.79167	0.132
295.80208	0.116
295.81250	0.100
295.82292	0.085
295.83333	0.072
295.84375	0.059
295.85417	0.046
295.86458	0.035
295.87500	0.025
295.88542	0.015
295.89583	0.004
295.90625	-0.005
295.91667	-0.012
295.92708	-0.018
295.93750	-0.024
295.94792	-0.029
295.95833	-0.034
295.96875	-0.041
295.97917	-0.048
295.98958	-0.051
296.00000	-0.055
296.01042	-0.060
296.02083	-0.064
296.03125	-0.069
296.04167	-0.072
296.05208	-0.075
296.06250	-0.076
296.07292	-0.077
296.08333	-0.074
296.09375	-0.067
296.10417	-0.063
296.11458	-0.056
296.12500	-0.049
296.13542	-0.040
296.14583	-0.029
296.15625	-0.016
296.16667	-0.005
296.17708	0.009
296.18750	0.021
296.19792	0.031
296.20833	0.039
296.21875	0.045
296.22917	0.049
296.23958	0.049
296.25000	0.046
296.26042	0.042
296.27083	0.037
296.28125	0.030
296.29167	0.024
296.30208	0.017
296.31250	0.010
296.32292	0.003
296.33333	-0.005
296.34375	-0.010
296.35417	-0.017
296.36458	-0.024
296.37500	-0.030
296.38542	-0.036
296.39583	-0.043
296.40625	-0.047
296.41667	-0.052
296.42708	-0.057
296.43750	-0.063
296.44792	-0.067
296.45833	-0.071
296.46875	-0.074
296.47917	-0.076
296.48958	-0.075
296.50000	-0.073
296.51042	-0.070
296.52083	-0.064
296.53125	-0.056
296.54167	-0.044
296.55208	-0.028
296.56250	-0.007
296.57292	0.017
296.58333	0.046
296.59375	0.078
296.60417	0.112
296.61458	0.148
296.62500	0.186
296.63542	0.226
296.64583	0.262
296.65625	0.294
296.66667	0.326
296.67708	0.353
296.68750	0.374
296.69792	0.388
296.70833	0.394
296.71875	0.399
296.72917	0.388
296.73958	0.369
296.75000	0.350
296.76042	0.331
296.77083	0.313
296.78125	0.294
296.79167	0.274
296.80208	0.254
296.81250	0.233
296.82292	0.213
296.83333	0.194
296.84375	0.175
296.85417	0.156
296.86458	0.139
296.87500	0.122
296.88542	0.107
296.89583	0.091
296.90625	0.076
296.91667	0.063
296.92708	0.050
296.93750	0.037
296.94792	0.027
296.95833	0.016
296.96875	0.006
296.97917	-0.003
296.98958	-0.013
297.00000	-0.022
297.01042	-0.030
297.02083	-0.037
297.03125	-0.044
297.04167	-0.051
297.05208	-0.058
297.06250	-0.063
297.07292	-0.069
297.08333	-0.073
297.09375	-0.076
297.10417	-0.079
297.11458	-0.079
297.12500	-0.079
297.13542	-0.076
297.14583	-0.072
297.15625	-0.066
297.16667	-0.056
297.17708	-0.043
297.18750	-0.029
297.19792	-0.013
297.20833	0.003
297.21875	0.020
297.22917	0.037
297.23958	0.052
297.25000	0.064
297.26042	0.073
297.27083	0.078
297.28125	0.079
297.29167	0.075
297.30208	0.069
297.31250	0.063
297.32292	0.054
297.33333	0.046
297.34375	0.038
297.35417	0.030
297.36458	0.022
297.37500	0.013
297.38542	0.005
297.39583	-0.002
297.40625	-0.011
297.41667	-0.017
297.42708	-0.026
297.43750	-0.033
297.44792	-0.038
297.45833	-0.043
297.46875	-0.050
297.47917	-0.056
297.48958	-0.061
297.50000	-0.067
297.51042	-0.071
297.52083	-0.074
297.53125	-0.077
297.54167	-0.078
297.55208	-0.078
297.56250	-0.075
297.57292	-0.071
297.58333	-0.064
297.59375	-0.054
297.60417	-0.039
297.61458	-0.020
297.62500	0.006
297.63542	0.036
297.64583	0.069
297.65625	0.106
297.66667	0.146
297.67708	0.187
297.68750	0.227
297.69792	0.265
297.70833	0.302
297.71875	0.334
297.72917	0.354
297.73958	0.381
297.75000	0.395
297.76042	0.398
297.77083	0.387
297.78125	0.372
297.79167	0.352
297.80208	0.333
297.81250	0.312
297.82292	0.293
297.83333	0.272
297.84375	0.253
297.85417	0.232
297.86458	0.211
297.87500	0.191
297.88542	0.171
297.89583	0.153
297.90625	0.136
297.91667	0.120
297.92708	0.104
297.93750	0.088
297.94792	0.075
297.95833	0.061
297.96875	0.048
297.97917	0.037
297.98958	0.025
298.00000	0.015
298.01042	0.005
298.02083	-0.004
298.03125	-0.013
298.04167	-0.022
298.05208	-0.030
298.06250	-0.038
298.07292	-0.044
298.08333	-0.051
298.09375	-0.057
298.10417	-0.063
298.11458	-0.067
298.12500	-0.071
298.13542	-0.074
298.14583	-0.074
298.15625	-0.073
298.16667	-0.069
298.17708	-0.065
298.18750	-0.054
298.19792	-0.041
298.20833	-0.024
298.21875	-0.004
298.22917	0.018
298.23958	0.041
298.25000	0.064
298.26042	0.086
298.27083	0.107
298.28125	0.124
298.29167	0.136
298.30208	0.143
298.31250	0.145
298.32292	0.140
298.33333	0.132
298.34375	0.122
298.35417	0.111
298.36458	0.099
298.37500	0.088
298.38542	0.076
298.39583	0.064
298.40625	0.052
298.41667	0.042
298.42708	0.030
298.43750	0.020
298.44792	0.011
298.45833	0.000
298.46875	-0.009
298.47917	-0.017
298.48958	-0.026
298.50000	-0.034
298.51042	-0.040
298.52083	-0.047
298.53125	-0.055
298.54167	-0.061
298.55208	-0.066
298.56250	-0.072
298.57292	-0.076
298.58333	-0.080
298.59375	-0.083
298.60417	-0.083
298.61458	-0.082
298.62500	-0.078
298.63542	-0.072
298.64583	-0.062
298.65625	-0.047
298.66667	-0.024
298.67708	0.003
298.68750	0.035
298.69792	0.070
298.70833	0.110
298.71875	0.151
298.72917	0.192
298.73958	0.230
298.75000	0.267
298.76042	0.300
298.77083	0.326
298.78125	0.346
298.79167	0.359
298.80208	0.363
298.81250	0.350
298.82292	0.332
298.83333	0.313
298.84375	0.294
298.85417	0.274
298.86458	0.253
298.87500	0.234
298.88542	0.213
298.89583	0.194
298.90625	0.175
298.91667	0.156
298.92708	0.138
298.93750	0.123
298.94792	0.105
298.95833	0.091
298.96875	0.076
298.97917	0.062
298.98958	0.050
299.00000	0.037
299.01042	0.025
299.02083	0.015
299.03125	0.005
299.04167	-0.006
299.05208	-0.014
299.06250	-0.022
299.07292	-0.031
299.08333	-0.040
299.09375	-0.045
299.10417	-0.052
299.11458	-0.059
299.12500	-0.065
299.13542	-0.070
299.14583	-0.074
299.15625	-0.078
299.16667	-0.080
299.17708	-0.080
299.18750	-0.079
299.19792	-0.074
299.20833	-0.065
299.21875	-0.054
299.22917	-0.036
299.23958	-0.014
299.25000	0.013
299.26042	0.041
299.27083	0.071
299.28125	0.099
299.29167	0.127
299.30208	0.150
299.31250	0.169
299.32292	0.182
299.33333	0.188
299.34375	0.191
299.35417	0.185
299.36458	0.174
299.37500	0.163
299.38542	0.150
299.39583	0.137
299.40625	0.124
299.41667	0.110
299.42708	0.097
299.43750	0.086
299.44792	0.074
299.45833	0.062
299.46875	0.051
299.47917	0.040
299.48958	0.030
299.50000	0.020
299.51042	0.011
299.52083	0.003
299.53125	-0.006
299.54167	-0.016
299.55208	-0.023
299.56250	-0.029
299.57292	-0.036
299.58333	-0.044
299.59375	-0.050
299.60417	-0.056
299.61458	-0.061
299.62500	-0.067
299.63542	-0.070
299.64583	-0.073
299.65625	-0.074
299.66667	-0.073
299.67708	-0.069
299.68750	-0.065
299.69792	-0.054
299.70833	-0.038
299.71875	-0.016
299.72917	0.010
299.73958	0.039
299.75000	0.072
299.76042	0.105
299.77083	0.139
299.78125	0.173
299.79167	0.204
299.80208	0.233
299.81250	0.255
299.82292	0.271
299.83333	0.277
299.84375	0.273
299.85417	0.260
299.86458	0.245
299.87500	0.228
299.88542	0.210
299.89583	0.192
299.90625	0.174
299.91667	0.158
299.92708	0.140
299.93750	0.125
299.94792	0.108
299.95833	0.094
299.96875	0.079
299.97917	0.065
299.98958	0.052
300.00000	0.040
300.01042	0.028
300.02083	0.018
300.03125	0.007
300.04167	-0.003
300.05208	-0.011
300.06250	-0.020
300.07292	-0.029
300.08333	-0.037
300.09375	-0.045
300.10417	-0.052
300.11458	-0.059
300.12500	-0.065
300.13542	-0.071
300.14583	-0.077
300.15625	-0.082
300.16667	-0.085
300.17708	-0.089
300.18750	-0.091
300.19792	-0.091
300.20833	-0.090
300.21875	-0.086
300.22917	-0.079
300.23958	-0.067
300.25000	-0.047
300.26042	-0.023
300.27083	0.006
300.28125	0.040
300.29167	0.075
300.30208	0.110
300.31250	0.144
300.32292	0.175
300.33333	0.202
300.34375	0.225
300.35417	0.242
300.36458	0.247
300.37500	0.246
300.38542	0.233
300.39583	0.219
300.40625	0.205
300.41667	0.189
300.42708	0.173
300.43750	0.154
300.44792	0.142
300.45833	0.125
300.46875	0.110
300.47917	0.098
300.48958	0.083
300.50000	0.069
300.51042	0.058
300.52083	0.046
300.53125	0.035
300.54167	0.024
300.55208	0.015
300.56250	0.005
300.57292	-0.004
300.58333	-0.011
300.59375	-0.020
300.60417	-0.028
300.61458	-0.036
300.62500	-0.043
300.63542	-0.049
300.64583	-0.055
300.65625	-0.061
300.66667	-0.065
300.67708	-0.069
300.68750	-0.071
300.69792	-0.072
300.70833	-0.070
300.71875	-0.066
300.72917	-0.058
300.73958	-0.046
300.75000	-0.028
300.76042	-0.004
300.77083	0.025
300.78125	0.056
300.79167	0.090
300.80208	0.125
300.81250	0.159
300.82292	0.190
300.83333	0.220
300.84375	0.245
300.85417	0.264
300.86458	0.273
300.87500	0.268
300.88542	0.258
300.89583	0.245
300.90625	0.229
300.91667	0.211
300.92708	0.193
300.93750	0.177
300.94792	0.160
300.95833	0.143
300.96875	0.127
300.97917	0.111
300.98958	0.096
301.00000	0.081
301.01042	0.068
301.02083	0.055
301.03125	0.042
301.04167	0.032
301.05208	0.021
301.06250	0.010
301.07292	0.001
301.08333	-0.008
301.09375	-0.017
301.10417	-0.026
301.11458	-0.033
301.12500	-0.040
301.13542	-0.048
301.14583	-0.055
301.15625	-0.061
301.16667	-0.066
301.17708	-0.071
301.18750	-0.075
301.19792	-0.077
301.20833	-0.076
301.21875	-0.073
301.22917	-0.068
301.23958	-0.057
301.25000	-0.038
301.26042	-0.012
301.27083	0.020
301.28125	0.058
301.29167	0.101
301.30208	0.146
301.31250	0.188
301.32292	0.231
301.33333	0.275
301.34375	0.316
301.35417	0.352
301.36458	0.374
301.37500	0.396
301.38542	0.410
301.39583	0.414
301.40625	0.396
301.41667	0.381
301.42708	0.356
301.43750	0.340
301.44792	0.316
301.45833	0.297
301.46875	0.275
301.47917	0.255
301.48958	0.232
301.50000	0.213
301.51042	0.187
301.52083	0.189
301.53125	0.149
301.54167	0.115
301.55208	0.107
301.56250	0.098
301.57292	0.064
301.58333	0.061
301.59375	0.046
301.60417	0.049
301.61458	0.039
301.62500	-0.006
301.63542	0.006
301.64583	-0.034
301.65625	-0.030
301.66667	-0.022
301.67708	-0.057
301.68750	-0.049
301.69792	-0.039
301.70833	-0.081
301.71875	-0.080
301.72917	-0.076
301.73958	-0.077
301.75000	-0.073
301.76042	-0.072
301.77083	-0.050
301.78125	-0.090
301.79167	-0.039
301.80208	-0.048
301.81250	-0.024
301.82292	0.001
301.83333	0.036
301.84375	0.057
301.85417	0.085
301.86458	0.089
301.87500	0.139
301.88542	0.131
301.89583	0.146
301.90625	0.151
301.91667	0.138
301.92708	0.118
301.93750	0.107
301.94792	0.092
301.95833	0.100
301.96875	0.079
301.97917	0.070
301.98958	0.055
302.00000	0.039
302.01042	0.047
302.02083	0.026
302.03125	0.012
302.04167	0.012
302.05208	0.006
302.06250	-0.012
302.07292	-0.010
302.08333	-0.031
302.09375	-0.044
302.10417	-0.040
302.11458	-0.058
302.12500	-0.062
302.13542	-0.077
302.14583	-0.074
302.15625	-0.075
302.16667	-0.074
302.17708	-0.084
302.18750	-0.081
302.19792	-0.091
302.20833	-0.088
302.21875	-0.075
302.22917	-0.079
302.23958	-0.081
302.25000	-0.049
302.26042	-0.017
302.27083	0.024
302.28125	0.075
302.29167	0.131
302.30208	0.179
302.31250	0.257
302.32292	0.311
302.33333	0.367
302.34375	0.434
302.35417	0.477
302.36458	0.522
302.37500	0.565
302.38542	0.585
302.39583	0.591
302.40625	0.613
302.41667	0.611
302.42708	0.612
302.43750	0.597
302.44792	0.565
302.45833	0.535
302.46875	0.530
302.47917	0.498
302.48958	0.477
302.50000	0.456
302.51042	0.424
302.52083	0.396
302.53125	0.363
302.54167	0.330
302.55208	0.332
302.56250	0.293
302.57292	0.269
302.58333	0.224
302.59375	0.236
302.60417	0.197
302.61458	0.166
302.62500	0.151
302.63542	0.141
302.64583	0.128
302.65625	0.107
302.66667	0.088
302.67708	0.080
302.68750	0.052
302.69792	0.065
302.70833	0.044
302.71875	0.029
302.72917	0.025
302.73958	0.018
302.75000	0.014
302.76042	0.014
302.77083	0.016
302.78125	0.022
302.79167	0.039
302.80208	0.055
302.81250	0.078
302.82292	0.102
302.83333	0.131
302.84375	0.159
302.85417	0.188
302.86458	0.217
302.87500	0.242
302.88542	0.266
302.89583	0.285
302.90625	0.299
302.91667	0.306
302.92708	0.303
302.93750	0.294
302.94792	0.282
302.95833	0.268
302.96875	0.253
302.97917	0.238
302.98958	0.219
303.00000	0.202
303.01042	0.185
303.02083	0.167
303.03125	0.151
303.04167	0.134
303.05208	0.119
303.06250	0.103
303.07292	0.089
303.08333	0.075
303.09375	0.061
303.10417	0.050
303.11458	0.039
303.12500	0.027
303.13542	0.018
303.14583	0.008
303.15625	-0.002
303.16667	-0.012
303.17708	-0.019
303.18750	-0.026
303.19792	-0.032
303.20833	-0.038
303.21875	-0.042
303.22917	-0.044
303.23958	-0.043
303.25000	-0.040
303.26042	-0.031
303.27083	-0.018
303.28125	0.000
303.29167	0.025
303.30208	0.056
303.31250	0.090
303.32292	0.129
303.33333	0.170
303.34375	0.211
303.35417	0.255
303.36458	0.298
303.37500	0.335
303.38542	0.375
303.39583	0.403
303.40625	0.430
303.41667	0.446
303.42708	0.461
303.43750	0.460
303.44792	0.448
303.45833	0.431
303.46875	0.410
303.47917	0.389
303.48958	0.368
303.50000	0.348
303.51042	0.324
303.52083	0.301
303.53125	0.280
303.54167	0.258
303.55208	0.236
303.56250	0.213
303.57292	0.193
303.58333	0.174
303.59375	0.155
303.60417	0.138
303.61458	0.124
303.62500	0.106
303.63542	0.093
303.64583	0.077
303.65625	0.064
303.66667	0.052
303.67708	0.042
303.68750	0.029
303.69792	0.023
303.70833	0.012
303.71875	0.002
303.72917	-0.006
303.73958	-0.014
303.75000	-0.023
303.76042	-0.028
303.77083	-0.036
303.78125	-0.042
303.79167	-0.047
303.80208	-0.051
303.81250	-0.053
303.82292	-0.053
303.83333	-0.051
303.84375	-0.048
303.85417	-0.040
303.86458	-0.032
303.87500	-0.021
303.88542	-0.009
303.89583	0.005
303.90625	0.020
303.91667	0.033
303.92708	0.045
303.93750	0.057
303.94792	0.065
303.95833	0.067
303.96875	0.065
303.97917	0.061
303.98958	0.055
304.00000	0.048
304.01042	0.040
304.02083	0.031
304.03125	0.024
304.04167	0.014
304.05208	0.006
304.06250	-0.002
304.07292	-0.010
304.08333	-0.018
304.09375	-0.026
304.10417	-0.033
304.11458	-0.041
304.12500	-0.048
304.13542	-0.054
304.14583	-0.061
304.15625	-0.067
304.16667	-0.073
304.17708	-0.079
304.18750	-0.084
304.19792	-0.089
304.20833	-0.096
304.21875	-0.099
304.22917	-0.104
304.23958	-0.106
304.25000	-0.110
304.26042	-0.112
304.27083	-0.111
304.28125	-0.109
304.29167	-0.105
304.30208	-0.098
304.31250	-0.086
304.32292	-0.070
304.33333	-0.046
304.34375	-0.015
304.35417	0.021
304.36458	0.061
304.37500	0.101
304.38542	0.145
304.39583	0.185
304.40625	0.226
304.41667	0.262
304.42708	0.294
304.43750	0.324
304.44792	0.340
304.45833	0.351
304.46875	0.349
304.47917	0.341
304.48958	0.323
304.50000	0.304
304.51042	0.285
304.52083	0.265
304.53125	0.248
304.54167	0.228
304.55208	0.206
304.56250	0.188
304.57292	0.172
304.58333	0.156
304.59375	0.137
304.60417	0.124
304.61458	0.106
304.62500	0.094
304.63542	0.081
304.64583	0.069
304.65625	0.056
304.66667	0.043
304.67708	0.034
304.68750	0.025
304.69792	0.014
304.70833	0.006
304.71875	-0.003
304.72917	-0.012
304.73958	-0.020
304.75000	-0.028
304.76042	-0.036
304.77083	-0.043
304.78125	-0.048
304.79167	-0.055
304.80208	-0.062
304.81250	-0.068
304.82292	-0.073
304.83333	-0.076
304.84375	-0.079
304.85417	-0.081
304.86458	-0.082
304.87500	-0.081
304.88542	-0.080
304.89583	-0.077
304.90625	-0.072
304.91667	-0.066
304.92708	-0.059
304.93750	-0.052
304.94792	-0.045
304.95833	-0.037
304.96875	-0.032
304.97917	-0.027
304.98958	-0.027
305.00000	-0.027
305.01042	-0.031
305.02083	-0.034
305.03125	-0.038
305.04167	-0.044
305.05208	-0.047
305.06250	-0.053
305.07292	-0.059
305.08333	-0.065
305.09375	-0.071
305.10417	-0.075
305.11458	-0.082
305.12500	-0.088
305.13542	-0.092
305.14583	-0.098
305.15625	-0.105
305.16667	-0.109
305.17708	-0.112
305.18750	-0.117
305.19792	-0.121
305.20833	-0.127
305.21875	-0.130
305.22917	-0.133
305.23958	-0.138
305.25000	-0.141
305.26042	-0.144
305.27083	-0.146
305.28125	-0.148
305.29167	-0.149
305.30208	-0.148
305.31250	-0.146
305.32292	-0.143
305.33333	-0.139
305.34375	-0.131
305.35417	-0.117
305.36458	-0.098
305.37500	-0.069
305.38542	-0.039
305.39583	-0.003
305.40625	0.035
305.41667	0.073
305.42708	0.112
305.43750	0.151
305.44792	0.182
305.45833	0.217
305.46875	0.240
305.47917	0.260
305.48958	0.268
305.50000	0.270
305.51042	0.263
305.52083	0.252
305.53125	0.237
305.54167	0.221
305.55208	0.204
305.56250	0.189
305.57292	0.175
305.58333	0.157
305.59375	0.141
305.60417	0.127
305.61458	0.113
305.62500	0.096
305.63542	0.085
305.64583	0.075
305.65625	0.061
305.66667	0.049
305.67708	0.040
305.68750	0.031
305.69792	0.021
305.70833	0.009
305.71875	0.002
305.72917	-0.009
305.73958	-0.017
305.75000	-0.024
305.76042	-0.032
305.77083	-0.038
305.78125	-0.045
305.79167	-0.052
305.80208	-0.059
305.81250	-0.064
305.82292	-0.070
305.83333	-0.076
305.84375	-0.080
305.85417	-0.085
305.86458	-0.090
305.87500	-0.093
305.88542	-0.095
305.89583	-0.098
305.90625	-0.098
305.91667	-0.098
305.92708	-0.095
305.93750	-0.091
305.94792	-0.087
305.95833	-0.082
305.96875	-0.076
305.97917	-0.071
305.98958	-0.068
306.00000	-0.064
306.01042	-0.063
306.02083	-0.064
306.03125	-0.065
306.04167	-0.067
306.05208	-0.071
306.06250	-0.075
306.07292	-0.079
306.08333	-0.083
306.09375	-0.088
306.10417	-0.093
306.11458	-0.097
306.12500	-0.102
306.13542	-0.105
306.14583	-0.110
306.15625	-0.115
306.16667	-0.119
306.17708	-0.124
306.18750	-0.128
306.19792	-0.132
306.20833	-0.136
306.21875	-0.140
306.22917	-0.143
306.23958	-0.146
306.25000	-0.149
306.26042	-0.152
306.27083	-0.154
306.28125	-0.156
306.29167	-0.157
306.30208	-0.155
306.31250	-0.155
306.32292	-0.154
306.33333	-0.150
306.34375	-0.144
306.35417	-0.135
306.36458	-0.120
306.37500	-0.097
306.38542	-0.068
306.39583	-0.033
306.40625	0.004
306.41667	0.045
306.42708	0.089
306.43750	0.132
306.44792	0.176
306.45833	0.218
306.46875	0.257
306.47917	0.293
306.48958	0.322
306.50000	0.348
306.51042	0.363
306.52083	0.370
306.53125	0.364
306.54167	0.347
306.55208	0.326
306.56250	0.308
306.57292	0.287
306.58333	0.267
306.59375	0.247
306.60417	0.231
306.61458	0.207
306.62500	0.186
306.63542	0.164
306.64583	0.150
306.65625	0.133
306.66667	0.117
306.67708	0.101
306.68750	0.087
306.69792	0.073
306.70833	0.060
306.71875	0.049
306.72917	0.037
306.73958	0.026
306.75000	0.015
306.76042	0.006
306.77083	-0.004
306.78125	-0.012
306.79167	-0.021
306.80208	-0.027
306.81250	-0.035
306.82292	-0.042
306.83333	-0.049
306.84375	-0.057
306.85417	-0.061
306.86458	-0.066
306.87500	-0.071
306.88542	-0.075
306.89583	-0.078
306.90625	-0.081
306.91667	-0.082
306.92708	-0.082
306.93750	-0.079
306.94792	-0.076
306.95833	-0.072
306.96875	-0.066
306.97917	-0.060
306.98958	-0.051
307.00000	-0.043
307.01042	-0.034
307.02083	-0.025
307.03125	-0.020
307.04167	-0.016
307.05208	-0.012
307.06250	-0.011
307.07292	-0.012
307.08333	-0.015
307.09375	-0.019
307.10417	-0.022
307.11458	-0.027
307.12500	-0.032
307.13542	-0.039
307.14583	-0.042
307.15625	-0.048
307.16667	-0.054
307.17708	-0.058
307.18750	-0.064
307.19792	-0.068
307.20833	-0.074
307.21875	-0.077
307.22917	-0.082
307.23958	-0.087
307.25000	-0.091
307.26042	-0.093
307.27083	-0.096
307.28125	-0.098
307.29167	-0.099
307.30208	-0.099
307.31250	-0.096
307.32292	-0.093
307.33333	-0.087
307.34375	-0.084
307.35417	-0.070
307.36458	-0.050
307.37500	-0.038
307.38542	-0.014
307.39583	0.020
307.40625	0.057
307.41667	0.098
307.42708	0.135
307.43750	0.180
307.44792	0.226
307.45833	0.270
307.46875	0.312
307.47917	0.352
307.48958	0.388
307.50000	0.419
307.51042	0.450
307.52083	0.469
307.53125	0.475
307.54167	0.483
307.55208	0.481
307.56250	0.469
307.57292	0.451
307.58333	0.424
307.59375	0.401
307.60417	0.382
307.61458	0.362
307.62500	0.340
307.63542	0.313
307.64583	0.295
307.65625	0.275
307.66667	0.253
307.67708	0.230
307.68750	0.213
307.69792	0.196
307.70833	0.176
307.71875	0.159
307.72917	0.138
307.73958	0.126
307.75000	0.112
307.76042	0.098
307.77083	0.083
307.78125	0.070
307.79167	0.067
307.80208	0.050
307.81250	0.038
307.82292	0.028
307.83333	0.020
307.84375	0.011
307.85417	0.001
307.86458	-0.006
307.87500	-0.013
307.88542	-0.020
307.89583	-0.026
307.90625	-0.031
307.91667	-0.035
307.92708	-0.038
307.93750	-0.039
307.94792	-0.038
307.95833	-0.034
307.96875	-0.026
307.97917	-0.021
307.98958	-0.017
308.00000	-0.006
308.01042	0.002
308.02083	0.011
308.03125	-0.004
308.04167	0.025
308.05208	0.027
308.06250	0.037
308.07292	0.038
308.08333	0.037
308.09375	0.038
308.10417	0.038
308.11458	0.035
308.12500	0.031
308.13542	0.026
308.14583	0.021
308.15625	0.015
308.16667	0.009
308.17708	0.003
308.18750	-0.004
308.19792	-0.010
308.20833	-0.015
308.21875	-0.021
308.22917	-0.028
308.23958	-0.031
308.25000	-0.038
308.26042	-0.045
308.27083	-0.047
308.28125	-0.051
308.29167	-0.051
308.30208	-0.054
308.31250	-0.064
308.32292	-0.060
308.33333	-0.056
308.34375	-0.057
308.35417	-0.059
308.36458	-0.046
308.37500	-0.029
308.38542	-0.018
308.39583	-0.001
308.40625	0.018
308.41667	0.049
308.42708	0.084
308.43750	0.107
308.44792	0.124
308.45833	0.171
308.46875	0.211
308.47917	0.244
308.48958	0.281
308.50000	0.321
308.51042	0.353
308.52083	0.386
308.53125	0.406
308.54167	0.428
308.55208	0.441
308.56250	0.453
308.57292	0.448
308.58333	0.427
308.59375	0.410
308.60417	0.396
308.61458	0.379
308.62500	0.360
308.63542	0.341
308.64583	0.323
308.65625	0.303
308.66667	0.287
308.67708	0.265
308.68750	0.247
308.69792	0.231
308.70833	0.211
308.71875	0.188
308.72917	0.174
308.73958	0.157
308.75000	0.140
308.76042	0.124
308.77083	0.108
308.78125	0.095
308.79167	0.083
308.80208	0.070
308.81250	0.057
308.82292	0.045
308.83333	0.034
308.84375	0.025
308.85417	0.015
308.86458	0.006
308.87500	-0.002
308.88542	-0.009
308.89583	-0.016
308.90625	-0.021
308.91667	-0.027
308.92708	-0.029
308.93750	-0.030
308.94792	-0.027
308.95833	-0.023
308.96875	-0.017
308.97917	-0.009
308.98958	0.001
309.00000	0.014
309.01042	0.030
309.02083	0.045
309.03125	0.063
309.04167	0.081
309.05208	0.100
309.06250	0.117
309.07292	0.134
309.08333	0.148
309.09375	0.163
309.10417	0.173
309.11458	0.179
309.12500	0.181
309.13542	0.180
309.14583	0.176
309.15625	0.168
309.16667	0.160
309.17708	0.150
309.18750	0.141
309.19792	0.131
309.20833	0.121
309.21875	0.111
309.22917	0.101
309.23958	0.091
309.25000	0.081
309.26042	0.072
309.27083	0.063
309.28125	0.053
309.29167	0.046
309.30208	0.038
309.31250	0.031
309.32292	0.025
309.33333	0.019
309.34375	0.013
309.35417	0.008
309.36458	0.009
309.37500	0.012
309.38542	0.016
309.39583	0.024
309.40625	0.033
309.41667	0.042
309.42708	0.056
309.43750	0.073
309.44792	0.091
309.45833	0.112
309.46875	0.135
309.47917	0.159
309.48958	0.187
309.50000	0.217
309.51042	0.242
309.52083	0.272
309.53125	0.301
309.54167	0.323
309.55208	0.345
309.56250	0.362
309.57292	0.380
309.58333	0.391
309.59375	0.390
309.60417	0.383
309.61458	0.375
309.62500	0.366
309.63542	0.349
309.64583	0.333
309.65625	0.316
309.66667	0.301
309.67708	0.283
309.68750	0.266
309.69792	0.249
309.70833	0.229
309.71875	0.211
309.72917	0.193
309.73958	0.176
309.75000	0.160
309.76042	0.144
309.77083	0.127
309.78125	0.113
309.79167	0.100
309.80208	0.085
309.81250	0.073
309.82292	0.059
309.83333	0.048
309.84375	0.038
309.85417	0.027
309.86458	0.017
309.87500	0.008
309.88542	0.000
309.89583	-0.008
309.90625	-0.015
309.91667	-0.023
309.92708	-0.030
309.93750	-0.035
309.94792	-0.042
309.95833	-0.047
309.96875	-0.052
309.97917	-0.055
309.98958	-0.059
310.00000	-0.061
310.01042	-0.061
310.02083	-0.062
310.03125	-0.059
310.04167	-0.055
310.05208	-0.050
310.06250	-0.042
310.07292	-0.033
310.08333	-0.025
310.09375	-0.013
310.10417	0.000
310.11458	0.011
310.12500	0.023
310.13542	0.032
310.14583	0.043
310.15625	0.050
310.16667	0.058
310.17708	0.062
310.18750	0.063
310.19792	0.067
310.20833	0.065
310.21875	0.063
310.22917	0.058
310.23958	0.053
310.25000	0.048
310.26042	0.044
310.27083	0.038
310.28125	0.032
310.29167	0.027
310.30208	0.021
310.31250	0.015
310.32292	0.010
310.33333	0.006
310.34375	0.001
310.35417	-0.004
310.36458	-0.008
310.37500	-0.011
310.38542	-0.009
310.39583	-0.007
310.40625	-0.003
310.41667	0.003
310.42708	0.009
310.43750	0.017
310.44792	0.030
310.45833	0.044
310.46875	0.059
310.47917	0.079
310.48958	0.097
310.50000	0.123
310.51042	0.145
310.52083	0.170
310.53125	0.198
310.54167	0.226
310.55208	0.254
310.56250	0.282
310.57292	0.311
310.58333	0.335
310.59375	0.355
310.60417	0.366
310.61458	0.390
310.62500	0.401
310.63542	0.403
310.64583	0.381
310.65625	0.389
310.66667	0.386
310.67708	0.354
310.68750	0.337
310.69792	0.323
310.70833	0.308
310.71875	0.284
310.72917	0.270
310.73958	0.250
310.75000	0.235
310.76042	0.214
310.77083	0.197
310.78125	0.177
310.79167	0.165
310.80208	0.149
310.81250	0.131
310.82292	0.116
310.83333	0.101
310.84375	0.086
310.85417	0.074
310.86458	0.062
310.87500	0.050
310.88542	0.039
310.89583	0.028
310.90625	0.018
310.91667	0.011
310.92708	0.001
310.93750	-0.008
310.94792	-0.016
310.95833	-0.023
310.96875	-0.030
310.97917	-0.037
310.98958	-0.042
311.00000	-0.049
311.01042	-0.055
311.02083	-0.060
311.03125	-0.062
311.04167	-0.066
311.05208	-0.068
311.06250	-0.069
311.07292	-0.067
311.08333	-0.064
311.09375	-0.060
311.10417	-0.057
311.11458	-0.050
311.12500	-0.042
311.13542	-0.034
311.14583	-0.024
311.15625	-0.016
311.16667	-0.006
311.17708	0.002
311.18750	0.012
311.19792	0.018
311.20833	0.025
311.21875	0.029
311.22917	0.030
311.23958	0.029
311.25000	0.027
311.26042	0.024
311.27083	0.019
311.28125	0.015
311.29167	0.009
311.30208	0.003
311.31250	-0.003
311.32292	-0.009
311.33333	-0.014
311.34375	-0.020
311.35417	-0.025
311.36458	-0.032
311.37500	-0.037
311.38542	-0.043
311.39583	-0.049
311.40625	-0.053
311.41667	-0.057
311.42708	-0.059
311.43750	-0.063
311.44792	-0.068
311.45833	-0.068
311.46875	-0.069
311.47917	-0.069
311.48958	-0.065
311.50000	-0.061
311.51042	-0.054
311.52083	-0.045
311.53125	-0.033
311.54167	-0.020
311.55208	-0.005
311.56250	0.014
311.57292	0.036
311.58333	0.058
311.59375	0.085
311.60417	0.112
311.61458	0.138
311.62500	0.165
311.63542	0.191
311.64583	0.216
311.65625	0.240
311.66667	0.259
311.67708	0.276
311.68750	0.284
311.69792	0.288
311.70833	0.290
311.71875	0.279
311.72917	0.265
311.73958	0.250
311.75000	0.237
311.76042	0.218
311.77083	0.202
311.78125	0.186
311.79167	0.170
311.80208	0.153
311.81250	0.138
311.82292	0.124
311.83333	0.108
311.84375	0.095
311.85417	0.082
311.86458	0.069
311.87500	0.058
311.88542	0.046
311.89583	0.035
311.90625	0.025
311.91667	0.015
311.92708	0.005
311.93750	-0.004
311.94792	-0.012
311.95833	-0.020
311.96875	-0.027
311.97917	-0.035
311.98958	-0.042
312.00000	-0.049
312.01042	-0.054
312.02083	-0.061
312.03125	-0.066
312.04167	-0.073
312.05208	-0.077
312.06250	-0.082
312.07292	-0.085
312.08333	-0.087
312.09375	-0.088
312.10417	-0.088
312.11458	-0.086
312.12500	-0.084
312.13542	-0.080
312.14583	-0.074
312.15625	-0.066
312.16667	-0.056
312.17708	-0.045
312.18750	-0.034
312.19792	-0.021
312.20833	-0.009
312.21875	0.004
312.22917	0.016
312.23958	0.025
312.25000	0.029
312.26042	0.033
312.27083	0.032
312.28125	0.030
312.29167	0.028
312.30208	0.023
312.31250	0.017
312.32292	0.011
312.33333	0.007
312.34375	-0.004
312.35417	-0.009
312.36458	-0.016
312.37500	-0.022
312.38542	-0.030
312.39583	-0.035
312.40625	-0.042
312.41667	-0.049
312.42708	-0.053
312.43750	-0.059
312.44792	-0.063
312.45833	-0.068
312.46875	-0.072
312.47917	-0.078
312.48958	-0.082
312.50000	-0.084
312.51042	-0.087
312.52083	-0.089
312.53125	-0.088
312.54167	-0.090
312.55208	-0.087
312.56250	-0.084
312.57292	-0.081
312.58333	-0.073
312.59375	-0.066
312.60417	-0.051
312.61458	-0.036
312.62500	-0.019
312.63542	0.002
312.64583	0.026
312.65625	0.050
312.66667	0.075
312.67708	0.100
312.68750	0.124
312.69792	0.148
312.70833	0.168
312.71875	0.184
312.72917	0.195
312.73958	0.205
312.75000	0.203
312.76042	0.195
312.77083	0.183
312.78125	0.172
312.79167	0.158
312.80208	0.145
312.81250	0.132
312.82292	0.118
312.83333	0.104
312.84375	0.091
312.85417	0.077
312.86458	0.065
312.87500	0.053
312.88542	0.041
312.89583	0.032
312.90625	0.021
312.91667	0.011
312.92708	0.001
312.93750	-0.007
312.94792	-0.016
312.95833	-0.025
312.96875	-0.032
312.97917	-0.039
312.98958	-0.046
313.00000	-0.054
313.01042	-0.062
313.02083	-0.067
313.03125	-0.074
313.04167	-0.079
313.05208	-0.085
313.06250	-0.090
313.07292	-0.095
313.08333	-0.099
313.09375	-0.103
313.10417	-0.106
313.11458	-0.109
313.12500	-0.109
313.13542	-0.109
313.14583	-0.107
313.15625	-0.104
313.16667	-0.098
313.17708	-0.091
313.18750	-0.082
313.19792	-0.071
313.20833	-0.057
313.21875	-0.041
313.22917	-0.026
313.23958	-0.008
313.25000	0.006
313.26042	0.022
313.27083	0.034
313.28125	0.041
313.29167	0.046
313.30208	0.048
313.31250	0.042
313.32292	0.038
313.33333	0.032
313.34375	0.027
313.35417	0.018
313.36458	0.012
313.37500	0.005
313.38542	-0.002
313.39583	-0.009
313.40625	-0.016
313.41667	-0.024
313.42708	-0.029
313.43750	-0.036
313.44792	-0.042
313.45833	-0.049
313.46875	-0.055
313.47917	-0.060
313.48958	-0.066
313.50000	-0.071
313.51042	-0.076
313.52083	-0.081
313.53125	-0.085
313.54167	-0.089
313.55208	-0.095
313.56250	-0.095
313.57292	-0.098
313.58333	-0.099
313.59375	-0.098
313.60417	-0.097
313.61458	-0.094
313.62500	-0.088
313.63542	-0.080
313.64583	-0.070
313.65625	-0.054
313.66667	-0.034
313.67708	-0.011
313.68750	0.014
313.69792	0.041
313.70833	0.068
313.71875	0.096
313.72917	0.122
313.73958	0.146
313.75000	0.167
313.76042	0.184
313.77083	0.194
313.78125	0.200
313.79167	0.195
313.80208	0.186
313.81250	0.174
313.82292	0.161
313.83333	0.148
313.84375	0.133
313.85417	0.118
313.86458	0.105
313.87500	0.091
313.88542	0.078
313.89583	0.065
313.90625	0.053
313.91667	0.041
313.92708	0.030
313.93750	0.020
313.94792	0.010
313.95833	0.002
313.96875	-0.008
313.97917	-0.017
313.98958	-0.025
314.00000	-0.032
314.01042	-0.040
314.02083	-0.048
314.03125	-0.055
314.04167	-0.062
314.05208	-0.068
314.06250	-0.074
314.07292	-0.080
314.08333	-0.085
314.09375	-0.091
314.10417	-0.096
314.11458	-0.100
314.12500	-0.103
314.13542	-0.106
314.14583	-0.107
314.15625	-0.107
314.16667	-0.106
314.17708	-0.103
314.18750	-0.099
314.19792	-0.092
314.20833	-0.080
314.21875	-0.065
314.22917	-0.047
314.23958	-0.027
314.25000	-0.005
314.26042	0.018
314.27083	0.041
314.28125	0.060
314.29167	0.075
314.30208	0.091
314.31250	0.099
314.32292	0.101
314.33333	0.097
314.34375	0.090
314.35417	0.083
314.36458	0.074
314.37500	0.064
314.38542	0.053
314.39583	0.045
314.40625	0.036
314.41667	0.026
314.42708	0.017
314.43750	0.008
314.44792	0.000
314.45833	-0.008
314.46875	-0.016
314.47917	-0.024
314.48958	-0.031
314.50000	-0.038
314.51042	-0.046
314.52083	-0.053
314.53125	-0.059
314.54167	-0.065
314.55208	-0.071
314.56250	-0.076
314.57292	-0.082
314.58333	-0.087
314.59375	-0.092
314.60417	-0.096
314.61458	-0.099
314.62500	-0.101
314.63542	-0.102
314.64583	-0.103
314.65625	-0.101
314.66667	-0.099
314.67708	-0.093
314.68750	-0.084
314.69792	-0.071
314.70833	-0.055
314.71875	-0.033
314.72917	-0.009
314.73958	0.017
314.75000	0.044
314.76042	0.070
314.77083	0.094
314.78125	0.118
314.79167	0.137
314.80208	0.151
314.81250	0.158
314.82292	0.156
314.83333	0.148
314.84375	0.137
314.85417	0.125
314.86458	0.113
314.87500	0.100
314.88542	0.088
314.89583	0.075
314.90625	0.063
314.91667	0.052
314.92708	0.040
314.93750	0.029
314.94792	0.019
314.95833	0.010
314.96875	0.000
314.97917	-0.009
314.98958	-0.017
315.00000	-0.025
315.01042	-0.033
315.02083	-0.041
315.03125	-0.049
315.04167	-0.057
315.05208	-0.062
315.06250	-0.069
315.07292	-0.075
315.08333	-0.081
315.09375	-0.087
315.10417	-0.093
315.11458	-0.097
315.12500	-0.101
315.13542	-0.106
315.14583	-0.109
315.15625	-0.112
315.16667	-0.113
315.17708	-0.113
315.18750	-0.112
315.19792	-0.108
315.20833	-0.102
315.21875	-0.092
315.22917	-0.076
315.23958	-0.055
315.25000	-0.029
315.26042	0.000
315.27083	0.031
315.28125	0.061
315.29167	0.092
315.30208	0.120
315.31250	0.145
315.32292	0.163
315.33333	0.175
315.34375	0.180
315.35417	0.176
315.36458	0.169
315.37500	0.157
315.38542	0.145
315.39583	0.132
315.40625	0.119
