       8.542361      154.69870
       8.552361      152.69740
       8.562361      150.69640
       8.572361      148.69560
       8.582361      146.69520
       8.592361      144.69520
       8.602361      142.69580
       8.612361      140.69710
       8.622361      138.69910
       8.632361      136.70190
       8.642361      134.70570
       8.652361      132.71040
       8.662361      130.71630
       8.672361      128.72340
       8.682361      126.73170
       8.692361      124.74150
       8.702361      122.75270
       8.712361      120.76550
       8.722361      118.78000
       8.732361      116.79620
       8.742361      114.81430
       8.752361      112.83430
       8.762361      110.85630
       8.772361      108.88050
       8.782361      106.90690
       8.792361      104.93560
       8.802361      102.96670
       8.812361      101.00030
       8.822361       99.03645
       8.832361       97.07531
       8.842361       95.11694
       8.852361       93.16143
       8.862361       91.20888
       8.872361       89.25938
       8.882361       87.31302
       8.892361       85.36989
       8.902361       83.43009
       8.912361       81.49371
       8.922361       79.56083
       8.932361       77.63156
       8.942361       75.70599
       8.952361       73.78420
       8.962361       71.86629
       8.972361       69.95236
       8.982361       68.04250
       8.992361       66.13679
       9.002361       64.23533
       9.012361       62.33821
       9.022361       60.44552
       9.032361       58.55737
       9.042361       56.67383
       9.052361       54.79500
       9.062361       52.92098
       9.072361       51.05186
       9.082361       49.18772
       9.092361       47.32867
       9.102361       45.47478
       9.112361       43.62617
       9.122361       41.78291
       9.132361       39.94511
       9.142361       38.11285
       9.152361       36.28622
       9.162361       34.46532
       9.172361       32.65024
       9.182361       30.84108
       9.192361       29.03792
       9.202361       27.24085
       9.212361       25.44998
       9.222361       23.66539
       9.232361       21.88718
       9.242361       20.11543
       9.252361       18.35024
       9.262361       16.59170
       9.272361       14.83991
       9.282361       13.09495
       9.292361       11.35693
       9.302361        9.62592
       9.312361        7.90203
       9.322361        6.18534
       9.332361        4.47596
       9.342361        2.77396
       9.352361        1.07945
       9.362361        -.60749
       9.372361       -2.28675
       9.382361       -3.95826
       9.392361       -5.62192
       9.402361       -7.27763
       9.412361       -8.92530
       9.422361      -10.56484
       9.432361      -12.19616
       9.442361      -13.81916
       9.452361      -15.43376
       9.462361      -17.03986
       9.472361      -18.63736
       9.482361      -20.22618
       9.492361      -21.80622
       9.502361      -23.37740
       9.512361      -24.93961
       9.522361      -26.49277
       9.532361      -28.03678
       9.542361      -29.57156
       9.552361      -31.09700
       9.562361      -32.61302
       9.572361      -34.11952
       9.582361      -35.61642
       9.592361      -37.10361
       9.602361      -38.58101
       9.612361      -40.04853
       9.622361      -41.50607
       9.632361      -42.95357
       9.642361      -44.39100
       9.652361      -45.81835
       9.662361      -47.23559
       9.672361      -48.64270
       9.682361      -50.03965
       9.692361      -51.42642
       9.702361      -52.80299
       9.712361      -54.16935
       9.722361      -55.52545
       9.732361      -56.87128
       9.742361      -58.20683
       9.752361      -59.53205
       9.762361      -60.84695
       9.772361      -62.15148
       9.782361      -63.44563
       9.792361      -64.72937
       9.802361      -66.00269
       9.812361      -67.26555
       9.822361      -68.51794
       9.832361      -69.75983
       9.842361      -70.99120
       9.852361      -72.21204
       9.862361      -73.42230
       9.872361      -74.62198
       9.882361      -75.81105
       9.892361      -76.98948
       9.902361      -78.15726
       9.912361      -79.31436
       9.922361      -80.46076
       9.932361      -81.59644
       9.942361      -82.72136
       9.952361      -83.83552
       9.962361      -84.93889
       9.972361      -86.03143
       9.982361      -87.11314
       9.992361      -88.18400
      10.002361      -89.24397
      10.012361      -90.29302
      10.022361      -91.33115
      10.032361      -92.35833
      10.042361      -93.37453
      10.052361      -94.37975
      10.062361      -95.37393
      10.072361      -96.35707
      10.082361      -97.32915
      10.092361      -98.29014
      10.102361      -99.24002
      10.112361     -100.17880
      10.122361     -101.10630
      10.132361     -102.02280
      10.142361     -102.92800
      10.152361     -103.82190
      10.162361     -104.70470
      10.172361     -105.57610
      10.182361     -106.43630
      10.192361     -107.28510
      10.202361     -108.12270
      10.212361     -108.94880
      10.222361     -109.76360
      10.232361     -110.56690
      10.242361     -111.35890
      10.252361     -112.13930
      10.262361     -112.90830
      10.272361     -113.66580
      10.282361     -114.41180
      10.292361     -115.14620
      10.302361     -115.86910
      10.312361     -116.58040
      10.322361     -117.28010
      10.332361     -117.96810
      10.342361     -118.64450
      10.352361     -119.30920
      10.362361     -119.96220
      10.372361     -120.60340
      10.382361     -121.23290
      10.392361     -121.85070
      10.402361     -122.45660
      10.412361     -123.05080
      10.422361     -123.63300
      10.432361     -124.20350
      10.442361     -124.76200
      10.452361     -125.30860
      10.462361     -125.84340
      10.472361     -126.36610
      10.482361     -126.87690
      10.492361     -127.37560
      10.502361     -127.86240
      10.512361     -128.33710
      10.522361     -128.79970
      10.532361     -129.25030
      10.542361     -129.68870
      10.552361     -130.11500
      10.562361     -130.52920
      10.572361     -130.93110
      10.582361     -131.32090
      10.592361     -131.69840
      10.602361     -132.06370
      10.612361     -132.41670
      10.622361     -132.75740
      10.632361     -133.08580
      10.642361     -133.40190
      10.652361     -133.70560
      10.662361     -133.99680
      10.672361     -134.27570
      10.682361     -134.54220
      10.692361     -134.79620
      10.702361     -135.03770
      10.712361     -135.26680
      10.722361     -135.48330
      10.732361     -135.68720
      10.742361     -135.87860
      10.752361     -136.05740
      10.762361     -136.22360
      10.772361     -136.37720
      10.782361     -136.51800
      10.792361     -136.64620
      10.802361     -136.76170
      10.812361     -136.86450
      10.822361     -136.95450
      10.832361     -137.03180
      10.842361     -137.09620
      10.852361     -137.14790
      10.862361     -137.18670
      10.872361     -137.21260
      10.882361     -137.22560
      10.892361     -137.22580
      10.902361     -137.21300
      10.912361     -137.18720
      10.922361     -137.14850
      10.932361     -137.09670
      10.942361     -137.03200
      10.952361     -136.95410
      10.962361     -136.86330
      10.972361     -136.75930
      10.982361     -136.64220
      10.992361     -136.51200
      11.002361     -136.36860
      11.012361     -136.21200
      11.022361     -136.04230
      11.032361     -135.85930
      11.042361     -135.66300
      11.052361     -135.45350
      11.062361     -135.23070
      11.072361     -134.99450
      11.082361     -134.74500
      11.092361     -134.48220
      11.102361     -134.20590
      11.112361     -133.91630
      11.122361     -133.61320
      11.132361     -133.29710
      11.142361     -132.96850
      11.152361     -132.62810
      11.162361     -132.27640
      11.172361     -131.91420
      11.182361     -131.54190
      11.192361     -131.16030
      11.202361     -130.76990
      11.212361     -130.37130
      11.222361     -129.96520
      11.232361     -129.55210
      11.242361     -129.13270
      11.252361     -128.70770
      11.262361     -128.27750
      11.272361     -127.84280
      11.282361     -127.40430
      11.292361     -126.96250
      11.302361     -126.51810
      11.312361     -126.07170
      11.322361     -125.62390
      11.332361     -125.17520
      11.342361     -124.72640
      11.352361     -124.27800
      11.362361     -123.83070
      11.372361     -123.38500
      11.382361     -122.94160
      11.392361     -122.50110
      11.402361     -122.06400
      11.412361     -121.63110
      11.422361     -121.20290
      11.432361     -120.78010
      11.442361     -120.36310
      11.452361     -119.95280
      11.462361     -119.54960
      11.472361     -119.15430
      11.482361     -118.76730
      11.492361     -118.38940
      11.502361     -118.02110
      11.512361     -117.66300
      11.522361     -117.31580
      11.532361     -116.98010
      11.542361     -116.65640
      11.552361     -116.34550
      11.562361     -116.04790
      11.572361     -115.76420
      11.582361     -115.49500
      11.592361     -115.24100
      11.602361     -115.00280
      11.612361     -114.78090
      11.622361     -114.57610
      11.632361     -114.38880
      11.642361     -114.21980
      11.652361     -114.06960
      11.662361     -113.93890
      11.672361     -113.82820
      11.682361     -113.73820
      11.692361     -113.66950
      11.702361     -113.62270
      11.712361     -113.59840
      11.722361     -113.59700
      11.732361     -113.61780
      11.742361     -113.66010
      11.752361     -113.72320
      11.762361     -113.80640
      11.772361     -113.90900
      11.782361     -114.03020
      11.792361     -114.16930
      11.802361     -114.32550
      11.812361     -114.49820
      11.822361     -114.68660
      11.832361     -114.89000
      11.842361     -115.10770
      11.852361     -115.33890
      11.862361     -115.58290
      11.872361     -115.83900
      11.882361     -116.10650
      11.892361     -116.38460
      11.902361     -116.67260
      11.912361     -116.96980
      11.922361     -117.27540
      11.932361     -117.58880
      11.942361     -117.90910
      11.952361     -118.23580
      11.962361     -118.56800
      11.972361     -118.90500
      11.982361     -119.24610
      11.992361     -119.59050
      12.002361     -119.93770
      12.012361     -120.28670
      12.022361     -120.63690
      12.032361     -120.98760
      12.042361     -121.33800
      12.052361     -121.68740
      12.062361     -122.03510
      12.072361     -122.38040
      12.082361     -122.72250
      12.092361     -123.06070
      12.102361     -123.39430
      12.112361     -123.72250
      12.122361     -124.04460
      12.132361     -124.36000
      12.142361     -124.66780
      12.152361     -124.96740
      12.162361     -125.25800
      12.172361     -125.53880
      12.182361     -125.80930
      12.192361     -126.06860
      12.202361     -126.31600
      12.212361     -126.55070
      12.222361     -126.77220
      12.232361     -126.97960
      12.242361     -127.17210
      12.252361     -127.34920
      12.262361     -127.51000
      12.272361     -127.65390
      12.282361     -127.78050
      12.292361     -127.89010
      12.302361     -127.98310
      12.312361     -128.05970
      12.322361     -128.12030
      12.332361     -128.16520
      12.342361     -128.19460
      12.352361     -128.20900
      12.362361     -128.20870
      12.372361     -128.19390
      12.382361     -128.16490
      12.392361     -128.12220
      12.402361     -128.06590
      12.412361     -127.99650
      12.422361     -127.91420
      12.432361     -127.81930
      12.442361     -127.71220
      12.452361     -127.59320
      12.462361     -127.46260
      12.472361     -127.32070
      12.482361     -127.16790
      12.492361     -127.00430
      12.502361     -126.83050
      12.512361     -126.64660
      12.522361     -126.45300
      12.532361     -126.25010
      12.542361     -126.03800
      12.552361     -125.81720
      12.562361     -125.58800
      12.572361     -125.35060
      12.582361     -125.10540
      12.592361     -124.85280
      12.602361     -124.59290
      12.612361     -124.32620
      12.622361     -124.05300
      12.632361     -123.77350
      12.642361     -123.48810
      12.652361     -123.19720
      12.662361     -122.90090
      12.672361     -122.59970
      12.682361     -122.29380
      12.692361     -121.98360
      12.702361     -121.66940
      12.712361     -121.35150
      12.722361     -121.03030
      12.732361     -120.70590
      12.742361     -120.37880
      12.752361     -120.04930
      12.762361     -119.71760
      12.772361     -119.38420
      12.782361     -119.04920
      12.792361     -118.71310
      12.802361     -118.37600
      12.812361     -118.03800
      12.822361     -117.69920
      12.832361     -117.35950
      12.842361     -117.01920
      12.852361     -116.67820
      12.862361     -116.33660
      12.872361     -115.99460
      12.882361     -115.65210
      12.892361     -115.30930
      12.902361     -114.96620
      12.912361     -114.62290
      12.922361     -114.27940
      12.932361     -113.93590
      12.942361     -113.59240
      12.952361     -113.24890
      12.962361     -112.90560
      12.972361     -112.56250
      12.982361     -112.21970
      12.992361     -111.87720
      13.002361     -111.53520
      13.012361     -111.19360
      13.022361     -110.85260
      13.032361     -110.51230
      13.042361     -110.17260
      13.052361     -109.83380
      13.062361     -109.49570
      13.072361     -109.15860
      13.082361     -108.82250
      13.092361     -108.48750
      13.102361     -108.15350
      13.112361     -107.82080
      13.122361     -107.48930
      13.132361     -107.15920
      13.142361     -106.83050
      13.152361     -106.50330
      13.162361     -106.17760
      13.172361     -105.85360
      13.182361     -105.53120
      13.192361     -105.21060
      13.202361     -104.89190
      13.212361     -104.57500
      13.222361     -104.26010
      13.232361     -103.94730
      13.242361     -103.63660
      13.252361     -103.32810
      13.262361     -103.02180
      13.272361     -102.71790
      13.282361     -102.41630
      13.292361     -102.11730
      13.302361     -101.82080
      13.312361     -101.52680
      13.322361     -101.23560
      13.332361     -100.94710
      13.342361     -100.66150
      13.352361     -100.37870
      13.362361     -100.09890
      13.372361      -99.82217
      13.382361      -99.54851
      13.392361      -99.27803
      13.402361      -99.01080
      13.412361      -98.74688
      13.422361      -98.48635
      13.432361      -98.22929
      13.442361      -97.97575
      13.452361      -97.72580
      13.462361      -97.47953
      13.472361      -97.23701
      13.482361      -96.99828
      13.492361      -96.76345
      13.502361      -96.53256
      13.512361      -96.30570
      13.522361      -96.08294
      13.532361      -95.86425
      13.542361      -95.64957
      13.552361      -95.43884
      13.562361      -95.23196
      13.572361      -95.02888
      13.582361      -94.82950
      13.592361      -94.63375
      13.602361      -94.44157
      13.612361      -94.25287
      13.622361      -94.06758
      13.632361      -93.88563
      13.642361      -93.70692
      13.652361      -93.53141
      13.662361      -93.35901
      13.672361      -93.18964
      13.682361      -93.02322
      13.692361      -92.85968
      13.702361      -92.69895
      13.712361      -92.54095
      13.722361      -92.38561
      13.732361      -92.23286
      13.742361      -92.08260
      13.752361      -91.93477
      13.762361      -91.78930
      13.772361      -91.64611
      13.782361      -91.50512
      13.792361      -91.36626
      13.802361      -91.22945
      13.812361      -91.09462
      13.822361      -90.96169
      13.832361      -90.83060
      13.842361      -90.70125
      13.852361      -90.57357
      13.862361      -90.44750
      13.872361      -90.32296
      13.882361      -90.19986
      13.892361      -90.07814
      13.902361      -89.95772
      13.912361      -89.83852
      13.922361      -89.72047
      13.932361      -89.60350
      13.942361      -89.48753
      13.952361      -89.37247
      13.962361      -89.25827
      13.972361      -89.14484
      13.982361      -89.03210
      13.992361      -88.91998
      14.002361      -88.80842
      14.012361      -88.69732
      14.022361      -88.58662
      14.032361      -88.47623
      14.042361      -88.36610
      14.052361      -88.25613
      14.062361      -88.14626
      14.072361      -88.03640
      14.082361      -87.92649
      14.092361      -87.81644
      14.102361      -87.70620
      14.112361      -87.59566
      14.122361      -87.48477
      14.132361      -87.37345
      14.142361      -87.26161
      14.152361      -87.14920
      14.162361      -87.03613
      14.172361      -86.92231
      14.182361      -86.80769
      14.192361      -86.69218
      14.202361      -86.57571
      14.212361      -86.45821
      14.222361      -86.33960
      14.232361      -86.21980
      14.242361      -86.09873
      14.252361      -85.97633
      14.262361      -85.85252
      14.272361      -85.72722
      14.282361      -85.60036
      14.292361      -85.47186
      14.302361      -85.34164
      14.312361      -85.20963
      14.322361      -85.07575
      14.332361      -84.93994
      14.342361      -84.80212
      14.352361      -84.66219
      14.362361      -84.52011
      14.372361      -84.37579
      14.382361      -84.22916
      14.392361      -84.08019
      14.402361      -83.92887
      14.412361      -83.77517
      14.422361      -83.61906
      14.432361      -83.46052
      14.442361      -83.29952
      14.452361      -83.13605
      14.462361      -82.97006
      14.472361      -82.80155
      14.482361      -82.63049
      14.492361      -82.45684
      14.502361      -82.28059
      14.512361      -82.10171
      14.522361      -81.92018
      14.532361      -81.73597
      14.542361      -81.54906
      14.552361      -81.35942
      14.562361      -81.16704
      14.572361      -80.97187
      14.582361      -80.77390
      14.592361      -80.57311
      14.602361      -80.36948
      14.612361      -80.16296
      14.622361      -79.95355
      14.632361      -79.74121
      14.642361      -79.52592
      14.652361      -79.30767
      14.662361      -79.08642
      14.672361      -78.86214
      14.682361      -78.63482
      14.692361      -78.40443
      14.702361      -78.17094
      14.712361      -77.93433
      14.722361      -77.69456
      14.732361      -77.45164
      14.742361      -77.20552
      14.752361      -76.95618
      14.762361      -76.70361
      14.772361      -76.44775
      14.782361      -76.18861
      14.792361      -75.92616
      14.802361      -75.66035
      14.812361      -75.39119
      14.822361      -75.11863
      14.832361      -74.84265
      14.842361      -74.56324
      14.852361      -74.28036
      14.862361      -73.99400
      14.872361      -73.70411
      14.882361      -73.41069
      14.892361      -73.11371
      14.902361      -72.81313
      14.912361      -72.50895
      14.922361      -72.20113
      14.932361      -71.88965
      14.942361      -71.57448
      14.952361      -71.25560
      14.962361      -70.93298
      14.972361      -70.60661
      14.982361      -70.27644
      14.992361      -69.94247
      15.002361      -69.60468
      15.012361      -69.26301
      15.022361      -68.91747
      15.032361      -68.56802
      15.042361      -68.21463
      15.052361      -67.85728
      15.062361      -67.49596
      15.072361      -67.13063
      15.082361      -66.76129
      15.092361      -66.38807
      15.102361      -66.01110
      15.112361      -65.63055
      15.122361      -65.24658
      15.132361      -64.85933
      15.142361      -64.46896
      15.152361      -64.07564
      15.162361      -63.67950
      15.172361      -63.28070
      15.182361      -62.87941
      15.192361      -62.47577
      15.202361      -62.06994
      15.212361      -61.66208
      15.222361      -61.25233
      15.232361      -60.84085
      15.242361      -60.42780
      15.252361      -60.01334
      15.262361      -59.59761
      15.272361      -59.18076
      15.282361      -58.76297
      15.292361      -58.34438
      15.302361      -57.92514
      15.312361      -57.50541
      15.322361      -57.08533
      15.332361      -56.66508
      15.342361      -56.24481
      15.352361      -55.82466
      15.362361      -55.40479
      15.372361      -54.98536
      15.382361      -54.56652
      15.392361      -54.14842
      15.402361      -53.73123
      15.412361      -53.31509
      15.422361      -52.90015
      15.432361      -52.48659
      15.442361      -52.07454
      15.452361      -51.66416
      15.462361      -51.25561
      15.472361      -50.84904
      15.482361      -50.44461
      15.492361      -50.04247
      15.502361      -49.64277
      15.512361      -49.24567
      15.522361      -48.85133
      15.532361      -48.45990
      15.542361      -48.07153
      15.552361      -47.68638
      15.562361      -47.30460
      15.572361      -46.92635
      15.582361      -46.55178
      15.592361      -46.18105
      15.602361      -45.81431
      15.612361      -45.45172
      15.622361      -45.09342
      15.632361      -44.73958
      15.642361      -44.39035
      15.652361      -44.04588
      15.662361      -43.70633
      15.672361      -43.37186
      15.682361      -43.04261
      15.692361      -42.71874
      15.702361      -42.40041
      15.712361      -42.08776
      15.722361      -41.78078
      15.732361      -41.47920
      15.742361      -41.18273
      15.752361      -40.89107
      15.762361      -40.60394
      15.772361      -40.32104
      15.782361      -40.04210
      15.792361      -39.76681
      15.802361      -39.49489
      15.812361      -39.22606
      15.822361      -38.96001
      15.832361      -38.69646
      15.842361      -38.43513
      15.852361      -38.17572
      15.862361      -37.91793
      15.872361      -37.66150
      15.882361      -37.40611
      15.892361      -37.15149
      15.902361      -36.89735
      15.912361      -36.64339
      15.922361      -36.38932
      15.932361      -36.13486
      15.942361      -35.87972
      15.952361      -35.62360
      15.962361      -35.36623
      15.972361      -35.10730
      15.982361      -34.84653
      15.992361      -34.58363
      16.002361      -34.31830
      16.012361      -34.05027
      16.022361      -33.77924
      16.032361      -33.50492
      16.042361      -33.22702
      16.052361      -32.94526
      16.062361      -32.65934
      16.072361      -32.36897
      16.082361      -32.07386
      16.092361      -31.77373
      16.102361      -31.46828
      16.112361      -31.15723
      16.122361      -30.84028
      16.132361      -30.51715
      16.142361      -30.18755
      16.152361      -29.85119
      16.162361      -29.50777
      16.172361      -29.15701
      16.182361      -28.79862
      16.192361      -28.43231
      16.202361      -28.05779
      16.212361      -27.67478
      16.222361      -27.28297
      16.232361      -26.88208
      16.242361      -26.47183
      16.252361      -26.05191
      16.262361      -25.62206
      16.272361      -25.18196
      16.282361      -24.73134
      16.292361      -24.26990
      16.302361      -23.79736
      16.312361      -23.31343
      16.322361      -22.81781
      16.332361      -22.31021
      16.342361      -21.79036
      16.352361      -21.25795
      16.362361      -20.71270
      16.372361      -20.15432
      16.382361      -19.58252
      16.392361      -18.99701
      16.402361      -18.39750
      16.412361      -17.78370
      16.422361      -17.15532
      16.432361      -16.51208
      16.442361      -15.85367
      16.452361      -15.17982
      16.462361      -14.49023
      16.472361      -13.78462
      16.482361      -13.06269
      16.492361      -12.32416
      16.502361      -11.56873
      16.512361      -10.79612
      16.522361      -10.00603
      16.532361       -9.19818
      16.542361       -8.37228
      16.552361       -7.52804
      16.562361       -6.66516
      16.572361       -5.78341
      16.582361       -4.88311
      16.592361       -3.96510
      16.602361       -3.03023
      16.612361       -2.07932
      16.622361       -1.11323
      16.632361        -.13279
      16.642361         .86116
      16.652361        1.86778
      16.662361        2.88622
      16.672361        3.91565
      16.682361        4.95522
      16.692361        6.00409
      16.702361        7.06143
      16.712361        8.12640
      16.722361        9.19814
      16.732361       10.27583
      16.742361       11.35861
      16.752361       12.44566
      16.762361       13.53613
      16.772361       14.62917
      16.782361       15.72396
      16.792361       16.81964
      16.802361       17.91538
      16.812361       19.01034
      16.822361       20.10367
      16.832361       21.19453
      16.842361       22.28209
      16.852361       23.36551
      16.862361       24.44394
      16.872361       25.51654
      16.882361       26.58247
      16.892361       27.64090
      16.902361       28.69097
      16.912361       29.73185
      16.922361       30.76271
      16.932361       31.78269
      16.942361       32.79096
      16.952361       33.78668
      16.962361       34.76900
      16.972361       35.73710
      16.982361       36.69011
      16.992361       37.62722
      17.002361       38.54756
      17.012361       39.45031
      17.022361       40.33463
      17.032361       41.19966
      17.042361       42.04457
      17.052361       42.86853
      17.062361       43.67069
      17.072361       44.45021
      17.082361       45.20625
      17.092361       45.93796
      17.102361       46.64452
      17.112361       47.32507
      17.122361       47.97878
      17.132361       48.60480
      17.142361       49.20229
      17.152361       49.77044
      17.162361       50.30899
      17.172361       50.81876
      17.182361       51.30061
      17.192361       51.75543
      17.202361       52.18411
      17.212361       52.58752
      17.222361       52.96656
      17.232361       53.32211
      17.242361       53.65504
      17.252361       53.96625
      17.262361       54.25661
      17.272361       54.52702
      17.282361       54.77834
      17.292361       55.01148
      17.302361       55.22730
      17.312361       55.42670
      17.322361       55.61056
      17.332361       55.77976
      17.342361       55.93519
      17.352361       56.07772
      17.362361       56.20825
      17.372361       56.32765
      17.382361       56.43681
      17.392361       56.53661
      17.402361       56.62794
      17.412361       56.71169
      17.422361       56.78872
      17.432361       56.85994
      17.442361       56.92621
      17.452361       56.98843
      17.462361       57.04747
      17.472361       57.10423
      17.482361       57.15959
      17.492361       57.21442
      17.502361       57.26962
      17.512361       57.32605
      17.522361       57.38462
      17.532361       57.44621
      17.542361       57.51169
      17.552361       57.58195
      17.562361       57.65788
      17.572361       57.74035
      17.582361       57.83025
      17.592361       57.92847
      17.602361       58.03588
      17.612361       58.15338
      17.622361       58.28184
      17.632361       58.42215
      17.642361       58.57520
      17.652361       58.74186
      17.662361       58.92302
      17.672361       59.11956
      17.682361       59.33237
      17.692361       59.56233
      17.702361       59.81033
      17.712361       60.07724
      17.722361       60.36395
      17.732361       60.67134
      17.742361       61.00031
      17.752361       61.35173
      17.762361       61.72648
      17.772361       62.12545
      17.782361       62.54953
      17.792361       62.99959
      17.802361       63.47652
      17.812361       63.98120
      17.822361       64.51453
      17.832361       65.07736
      17.842361       65.67061
      17.852361       66.29514
      17.862361       66.95184
      17.872361       67.64160
      17.882361       68.36529
      17.892361       69.12298
      17.902361       69.91366
      17.912361       70.73622
      17.922361       71.58954
      17.932361       72.47250
      17.942361       73.38400
      17.952361       74.32292
      17.962361       75.28815
      17.972361       76.27858
      17.982361       77.29308
      17.992361       78.33056
      18.002361       79.38988
      18.012361       80.46996
      18.022361       81.56966
      18.032361       82.68787
      18.042361       83.82349
      18.052361       84.97539
      18.062361       86.14247
      18.072361       87.32362
      18.082361       88.51770
      18.092361       89.72363
      18.102361       90.94028
      18.112361       92.16654
      18.122361       93.40129
      18.132361       94.64343
      18.142361       95.89184
      18.152361       97.14540
      18.162361       98.40301
      18.172361       99.66354
      18.182361      100.92590
      18.192361      102.18890
      18.202361      103.45160
      18.212361      104.71270
      18.222361      105.97120
      18.232361      107.22590
      18.242361      108.47580
      18.252361      109.71970
      18.262361      110.95650
      18.272361      112.18510
      18.282361      113.40440
      18.292361      114.61330
      18.302361      115.81060
      18.312361      116.99520
      18.322361      118.16610
      18.332361      119.32210
      18.342361      120.46210
      18.352361      121.58500
      18.362361      122.68970
      18.372361      123.77500
      18.382361      124.83990
      18.392361      125.88330
      18.402361      126.90390
      18.412361      127.90080
      18.422361      128.87280
      18.432361      129.81870
      18.442361      130.73750
      18.452361      131.62810
      18.462361      132.48940
      18.472361      133.32010
      18.482361      134.11930
      18.492361      134.88580
      18.502361      135.61850
      18.512361      136.31620
      18.522361      136.97790
      18.532361      137.60250
      18.542361      138.18880
      18.552361      138.73570
      18.562361      139.24220
      18.572361      139.70700
      18.582361      140.12930
      18.592361      140.50930
      18.602361      140.84890
      18.612361      141.14990
      18.622361      141.41400
      18.632361      141.64300
      18.642361      141.83880
      18.652361      142.00300
      18.662361      142.13750
      18.672361      142.24410
      18.682361      142.32450
      18.692361      142.38060
      18.702361      142.41400
      18.712361      142.42670
      18.722361      142.42040
      18.732361      142.39690
      18.742361      142.35790
      18.752361      142.30530
      18.762361      142.24080
      18.772361      142.16620
      18.782361      142.08330
      18.792361      141.99390
      18.802361      141.89980
      18.812361      141.80270
      18.822361      141.70450
      18.832361      141.60690
      18.842361      141.51170
      18.852361      141.42070
      18.862361      141.33580
      18.872361      141.25850
      18.882361      141.19090
      18.892361      141.13450
      18.902361      141.09130
      18.912361      141.06300
      18.922361      141.05140
      18.932361      141.05830
      18.942361      141.08550
      18.952361      141.13470
      18.962361      141.20770
      18.972361      141.30640
      18.982361      141.43240
      18.992361      141.58770
      19.002361      141.77390
      19.012361      141.99290
      19.022361      142.24650
      19.032361      142.53630
      19.042361      142.86430
      19.052361      143.23220
      19.062361      143.64100
      19.072361      144.08910
      19.082361      144.57430
      19.092361      145.09460
      19.102361      145.64780
      19.112361      146.23200
      19.122361      146.84490
      19.132361      147.48460
      19.142361      148.14880
      19.152361      148.83560
      19.162361      149.54270
      19.172361      150.26820
      19.182361      151.00990
      19.192361      151.76570
      19.202361      152.53350
      19.212361      153.31120
      19.222361      154.09680
      19.232361      154.88810
      19.242361      155.68310
      19.252361      156.47960
      19.262361      157.27560
      19.272361      158.06890
      19.282361      158.85740
      19.292361      159.63920
      19.302361      160.41190
      19.312361      161.17370
      19.322361      161.92230
      19.332361      162.65580
      19.342361      163.37190
      19.352361      164.06850
      19.362361      164.74370
      19.372361      165.39530
      19.382361      166.02110
      19.392361      166.61920
      19.402361      167.18740
      19.412361      167.72360
      19.422361      168.22570
      19.432361      168.69160
      19.442361      169.11930
      19.452361      169.50660
      19.462361      169.85140
      19.472361      170.15160
      19.482361      170.40520
      19.492361      170.61010
      19.502361      170.76480
      19.512361      170.87070
      19.522361      170.92950
      19.532361      170.94300
      19.542361      170.91310
      19.552361      170.84140
      19.562361      170.72970
      19.572361      170.57990
      19.582361      170.39370
      19.592361      170.17290
      19.602361      169.91930
      19.612361      169.63460
      19.622361      169.32070
      19.632361      168.97930
      19.642361      168.61220
      19.652361      168.22120
      19.662361      167.80800
      19.672361      167.37450
      19.682361      166.92250
      19.692361      166.45360
      19.702361      165.96980
      19.712361      165.47270
      19.722361      164.96420
      19.732361      164.44600
      19.742361      163.92000
      19.752361      163.38780
      19.762361      162.85140
      19.772361      162.31240
      19.782361      161.77260
      19.792361      161.23390
      19.802361      160.69800
      19.812361      160.16670
      19.822361      159.64170
      19.832361      159.12490
      19.842361      158.61800
      19.852361      158.12290
      19.862361      157.64130
      19.872361      157.17490
      19.882361      156.72560
      19.892361      156.29510
      19.902361      155.88530
      19.912361      155.49780
      19.922361      155.13460
      19.932361      154.79730
      19.942361      154.48780
      19.952361      154.20780
      19.962361      153.95910
      19.972361      153.74360
      19.982361      153.56290
      19.992361      153.41880
      20.002361      153.31320
      20.012361      153.24780
      20.022361      153.22440
      20.032361      153.24480
      20.042361      153.31080
      20.052361      153.42320
      20.062361      153.58040
      20.072361      153.78040
      20.082361      154.02110
      20.092361      154.30040
      20.102361      154.61640
      20.112361      154.96690
      20.122361      155.34990
      20.132361      155.76330
      20.142361      156.20520
      20.152361      156.67330
      20.162361      157.16580
      20.172361      157.68040
      20.182361      158.21530
      20.192361      158.76830
      20.202361      159.33730
      20.212361      159.92040
      20.222361      160.51540
      20.232361      161.12030
      20.242361      161.73310
      20.252361      162.35170
      20.262361      162.97410
      20.272361      163.59810
      20.282361      164.22180
      20.292361      164.84310
      20.302361      165.45990
      20.312361      166.07020
      20.322361      166.67200
      20.332361      167.26310
      20.342361      167.84160
      20.352361      168.40530
      20.362361      168.95220
      20.372361      169.48030
      20.382361      169.98750
      20.392361      170.47180
      20.402361      170.93110
      20.412361      171.36330
      20.422361      171.76650
      20.432361      172.13850
      20.442361      172.47720
      20.452361      172.78070
      20.462361      173.04700
      20.472361      173.27380
      20.482361      173.45920
      20.492361      173.60120
      20.502361      173.69760
      20.512361      173.74650
      20.522361      173.74570
      20.532361      173.69320
      20.542361      173.58700
      20.552361      173.42500
      20.562361      173.20520
      20.572361      172.92540
      20.582361      172.58390
      20.592361      172.18070
      20.602361      171.71770
      20.612361      171.19660
      20.622361      170.61920
      20.632361      169.98720
      20.642361      169.30260
      20.652361      168.56700
      20.662361      167.78230
      20.672361      166.95020
      20.682361      166.07260
      20.692361      165.15120
      20.702361      164.18770
      20.712361      163.18410
      20.722361      162.14200
      20.732361      161.06330
      20.742361      159.94980
      20.752361      158.80320
      20.762361      157.62530
      20.772361      156.41800
      20.782361      155.18290
      20.792361      153.92190
      20.802361      152.63680
      20.812361      151.32940
      20.822361      150.00140
      20.832361      148.65470
      20.842361      147.29090
      20.852361      145.91200
      20.862361      144.51970
      20.872361      143.11580
      20.882361      141.70200
      20.892361      140.28030
      20.902361      138.85220
      20.912361      137.41970
      20.922361      135.98450
      20.932361      134.54850
      20.942361      133.11330
      20.952361      131.68080
      20.962361      130.25280
      20.972361      128.83100
      20.982361      127.41730
      20.992361      126.01350
      21.002361      124.62120
      21.012361      123.24240
      21.022361      121.87870
      21.032361      120.53200
      21.042361      119.20410
      21.052361      117.89680
      21.062361      116.61180
      21.072361      115.35100
      21.082361      114.11600
      21.092361      112.90880
      21.102361      111.73100
      21.112361      110.58460
      21.122361      109.47110
      21.132361      108.39080
      21.142361      107.34160
      21.152361      106.32110
      21.162361      105.32710
      21.172361      104.35740
      21.182361      103.40960
      21.192361      102.48170
      21.202361      101.57120
      21.212361      100.67600
      21.222361       99.79370
      21.232361       98.92216
      21.242361       98.05910
      21.252361       97.20225
      21.262361       96.34936
      21.272361       95.49816
      21.282361       94.64642
      21.292361       93.79186
      21.302361       92.93224
      21.312361       92.06530
      21.322361       91.18877
      21.332361       90.30042
      21.342361       89.39798
      21.352361       88.47919
      21.362361       87.54180
      21.372361       86.58355
      21.382361       85.60220
      21.392361       84.59547
      21.402361       83.56111
      21.412361       82.49688
      21.422361       81.40051
      21.432361       80.26974
      21.442361       79.10233
      21.452361       77.89602
      21.462361       76.64854
      21.472361       75.35766
      21.482361       74.02110
      21.492361       72.63660
      21.502361       71.20193
      21.512361       69.71482
      21.522361       68.17302
      21.532361       66.57426
      21.542361       64.91630
      21.552361       63.19687
      21.562361       61.41372
      21.572361       59.56461
      21.582361       57.64725
      21.592361       55.65942
      21.602361       53.59884
      21.612361       51.46336
      21.622361       49.25270
      21.632361       46.96838
      21.642361       44.61197
      21.652361       42.18501
      21.662361       39.68908
      21.672361       37.12576
      21.682361       34.49660
      21.692361       31.80317
      21.702361       29.04704
      21.712361       26.22978
      21.722361       23.35295
      21.732361       20.41813
      21.742361       17.42687
      21.752361       14.38075
      21.762361       11.28132
      21.772361        8.13017
      21.782361        4.92885
      21.792361        1.67893
      21.802361       -1.61801
      21.812361       -4.96042
      21.822361       -8.34673
      21.832361      -11.77537
      21.842361      -15.24477
      21.852361      -18.75336
      21.862361      -22.29959
      21.872361      -25.88187
      21.882361      -29.49866
      21.892361      -33.14837
      21.902361      -36.82944
      21.912361      -40.54030
      21.922361      -44.27939
      21.932361      -48.04515
      21.942361      -51.83599
      21.952361      -55.65036
      21.962361      -59.48669
      21.972361      -63.34342
      21.982361      -67.21896
      21.992361      -71.11177
      22.002361      -75.02027
      22.012361      -78.94289
      22.022361      -82.87807
      22.032361      -86.82425
      22.042361      -90.77985
      22.052361      -94.74329
      22.062361      -98.71304
      22.072361     -102.68750
      22.082361     -106.66510
      22.092361     -110.64430
