274.00000	0.07
274.01042	0.03
274.02083	-0.02
274.03125	-0.06
274.04167	-0.10
274.05208	-0.14
274.06250	-0.18
274.07292	-0.22
274.08333	-0.26
274.09375	-0.29
274.10417	-0.33
274.11458	-0.37
274.12500	-0.40
274.13542	-0.44
274.14583	-0.47
274.15625	-0.50
274.16667	-0.52
274.17708	-0.52
274.18750	-0.52
274.19792	-0.51
274.20833	-0.48
274.21875	-0.40
274.22917	-0.32
274.23958	-0.27
274.25000	-0.22
274.26042	-0.14
274.27083	-0.09
274.28125	-0.02
274.29167	0.04
274.30208	0.10
274.31250	0.17
274.32292	0.22
274.33333	0.27
274.34375	0.29
274.35417	0.34
274.36458	0.37
274.37500	0.39
274.38542	0.39
274.39583	0.41
274.40625	0.42
274.41667	0.39
274.42708	0.38
274.43750	0.36
274.44792	0.35
274.45833	0.32
274.46875	0.27
274.47917	0.22
274.48958	0.18
274.50000	0.14
274.51042	0.09
274.52083	0.05
274.53125	0.01
274.54167	-0.03
274.55208	-0.08
274.56250	-0.12
274.57292	-0.16
274.58333	-0.19
274.59375	-0.23
274.60417	-0.27
274.61458	-0.30
274.62500	-0.34
274.63542	-0.37
274.64583	-0.41
274.65625	-0.44
274.66667	-0.47
274.67708	-0.49
274.68750	-0.50
274.69792	-0.50
274.70833	-0.51
274.71875	-0.48
274.72917	-0.44
274.73958	-0.39
274.75000	-0.34
274.76042	-0.27
274.77083	-0.21
274.78125	-0.16
274.79167	-0.11
274.80208	-0.05
274.81250	0.01
274.82292	0.06
274.83333	0.10
274.84375	0.14
274.85417	0.20
274.86458	0.21
274.87500	0.25
274.88542	0.25
274.89583	0.28
274.90625	0.29
274.91667	0.26
274.92708	0.29
274.93750	0.25
274.94792	0.26
274.95833	0.22
274.96875	0.17
274.97917	0.15
274.98958	0.11
275.00000	0.09
275.01042	0.04
275.02083	0.00
275.03125	-0.05
275.04167	-0.09
275.05208	-0.12
275.06250	-0.17
275.07292	-0.21
275.08333	-0.25
275.09375	-0.28
275.10417	-0.32
275.11458	-0.37
275.12500	-0.40
275.13542	-0.44
275.14583	-0.46
275.15625	-0.50
275.16667	-0.52
275.17708	-0.54
275.18750	-0.54
275.19792	-0.52
275.20833	-0.52
275.21875	-0.48
275.22917	-0.43
275.23958	-0.36
275.25000	-0.31
275.26042	-0.26
275.27083	-0.20
275.28125	-0.13
275.29167	-0.08
275.30208	-0.02
275.31250	0.03
275.32292	0.11
275.33333	0.17
275.34375	0.22
275.35417	0.25
275.36458	0.31
275.37500	0.36
275.38542	0.37
275.39583	0.39
275.40625	0.40
275.41667	0.43
275.42708	0.42
275.43750	0.41
275.44792	0.40
275.45833	0.39
275.46875	0.38
275.47917	0.31
275.48958	0.30
275.50000	0.26
275.51042	0.23
275.52083	0.18
275.53125	0.13
275.54167	0.09
275.55208	0.05
275.56250	0.01
275.57292	-0.03
275.58333	-0.07
275.59375	-0.12
275.60417	-0.16
275.61458	-0.19
275.62500	-0.23
275.63542	-0.27
275.64583	-0.30
275.65625	-0.34
275.66667	-0.37
275.67708	-0.40
275.68750	-0.43
275.69792	-0.46
275.70833	-0.48
275.71875	-0.49
275.72917	-0.49
275.73958	-0.49
275.75000	-0.46
275.76042	-0.42
275.77083	-0.37
275.78125	-0.31
275.79167	-0.27
275.80208	-0.21
275.81250	-0.17
275.82292	-0.11
275.83333	-0.05
275.84375	0.00
275.85417	0.04
275.86458	0.08
275.87500	0.12
275.88542	0.15
275.89583	0.18
275.90625	0.21
275.91667	0.20
275.92708	0.22
275.93750	0.23
275.94792	0.24
275.95833	0.23
275.96875	0.18
275.97917	0.19
275.98958	0.18
276.00000	0.15
276.01042	0.13
276.02083	0.09
276.03125	0.07
276.04167	0.03
276.05208	0.00
276.06250	-0.04
276.07292	-0.08
276.08333	-0.11
276.09375	-0.14
276.10417	-0.18
276.11458	-0.22
276.12500	-0.25
276.13542	-0.27
276.14583	-0.30
276.15625	-0.33
276.16667	-0.36
276.17708	-0.38
276.18750	-0.40
276.19792	-0.41
276.20833	-0.41
276.21875	-0.41
276.22917	-0.40
276.23958	-0.36
276.25000	-0.34
276.26042	-0.29
276.27083	-0.24
276.28125	-0.19
276.29167	-0.15
276.30208	-0.10
276.31250	-0.04
276.32292	0.01
276.33333	0.06
276.34375	0.11
276.35417	0.17
276.36458	0.21
276.37500	0.25
276.38542	0.29
276.39583	0.32
276.40625	0.35
276.41667	0.39
276.42708	0.38
276.43750	0.40
276.44792	0.40
276.45833	0.41
276.46875	0.40
276.47917	0.38
276.48958	0.35
276.50000	0.33
276.51042	0.29
276.52083	0.27
276.53125	0.21
276.54167	0.17
276.55208	0.14
276.56250	0.10
276.57292	0.06
276.58333	0.01
276.59375	-0.02
276.60417	-0.06
276.61458	-0.10
276.62500	-0.13
276.63542	-0.17
276.64583	-0.20
276.65625	-0.24
276.66667	-0.27
276.67708	-0.30
276.68750	-0.33
276.69792	-0.36
276.70833	-0.38
276.71875	-0.41
276.72917	-0.42
276.73958	-0.43
276.75000	-0.44
276.76042	-0.44
276.77083	-0.44
276.78125	-0.43
276.79167	-0.40
276.80208	-0.36
276.81250	-0.33
276.82292	-0.28
276.83333	-0.24
276.84375	-0.19
276.85417	-0.16
276.86458	-0.13
276.87500	-0.09
276.88542	-0.05
276.89583	-0.02
276.90625	0.01
276.91667	0.05
276.92708	0.08
276.93750	0.11
276.94792	0.11
276.95833	0.12
276.96875	0.12
276.97917	0.13
276.98958	0.12
277.00000	0.12
277.01042	0.08
277.02083	0.07
277.03125	0.05
277.04167	0.02
277.05208	0.01
277.06250	-0.03
277.07292	-0.05
277.08333	-0.08
277.09375	-0.11
277.10417	-0.14
277.11458	-0.17
277.12500	-0.20
277.13542	-0.23
277.14583	-0.26
277.15625	-0.28
277.16667	-0.31
277.17708	-0.33
277.18750	-0.35
277.19792	-0.37
277.20833	-0.37
277.21875	-0.37
277.22917	-0.39
277.23958	-0.37
277.25000	-0.35
277.26042	-0.33
277.27083	-0.30
277.28125	-0.25
277.29167	-0.22
277.30208	-0.17
277.31250	-0.12
277.32292	-0.08
277.33333	-0.02
277.34375	0.03
277.35417	0.07
277.36458	0.13
277.37500	0.17
277.38542	0.24
277.39583	0.26
277.40625	0.30
277.41667	0.31
277.42708	0.37
277.43750	0.38
277.44792	0.39
277.45833	0.40
277.46875	0.39
277.47917	0.43
277.48958	0.43
277.50000	0.40
277.51042	0.39
277.52083	0.40
277.53125	0.37
277.54167	0.34
277.55208	0.31
277.56250	0.28
277.57292	0.25
277.58333	0.21
277.59375	0.18
277.60417	0.15
277.61458	0.12
277.62500	0.08
277.63542	0.04
277.64583	0.01
277.65625	-0.03
277.66667	-0.06
277.67708	-0.08
277.68750	-0.12
277.69792	-0.14
277.70833	-0.18
277.71875	-0.20
277.72917	-0.23
277.73958	-0.25
277.75000	-0.27
277.76042	-0.28
277.77083	-0.29
277.78125	-0.31
277.79167	-0.32
277.80208	-0.32
277.81250	-0.30
277.82292	-0.31
277.83333	-0.28
277.84375	-0.26
277.85417	-0.22
277.86458	-0.20
277.87500	-0.17
277.88542	-0.12
277.89583	-0.10
277.90625	-0.07
277.91667	-0.04
277.92708	0.00
277.93750	0.02
277.94792	0.06
277.95833	0.07
277.96875	0.10
277.97917	0.09
277.98958	0.10
278.00000	0.09
278.01042	0.11
278.02083	0.10
278.03125	0.09
278.04167	0.07
278.05208	0.04
278.06250	0.04
278.07292	0.01
278.08333	0.00
278.09375	-0.03
278.10417	-0.06
278.11458	-0.08
278.12500	-0.11
278.13542	-0.14
278.14583	-0.16
278.15625	-0.18
278.16667	-0.20
278.17708	-0.22
278.18750	-0.25
278.19792	-0.26
278.20833	-0.27
278.21875	-0.29
278.22917	-0.31
278.23958	-0.32
278.25000	-0.32
278.26042	-0.30
278.27083	-0.29
278.28125	-0.27
278.29167	-0.25
278.30208	-0.22
278.31250	-0.19
278.32292	-0.16
278.33333	-0.12
278.34375	-0.08
278.35417	-0.03
278.36458	0.00
278.37500	0.05
278.38542	0.09
278.39583	0.15
278.40625	0.19
278.41667	0.21
278.42708	0.23
278.43750	0.28
278.44792	0.31
278.45833	0.31
278.46875	0.33
278.47917	0.37
278.48958	0.38
278.50000	0.39
278.51042	0.37
278.52083	0.39
278.53125	0.38
278.54167	0.38
278.55208	0.36
278.56250	0.32
278.57292	0.31
278.58333	0.28
278.59375	0.25
278.60417	0.21
278.61458	0.18
278.62500	0.15
278.63542	0.12
278.64583	0.09
278.65625	0.05
278.66667	0.02
278.67708	-0.01
278.68750	-0.04
278.69792	-0.08
278.70833	-0.11
278.71875	-0.13
278.72917	-0.16
278.73958	-0.19
278.75000	-0.22
278.76042	-0.24
278.77083	-0.26
278.78125	-0.29
278.79167	-0.31
278.80208	-0.33
278.81250	-0.33
278.82292	-0.34
278.83333	-0.34
278.84375	-0.35
278.85417	-0.34
278.86458	-0.32
278.87500	-0.30
278.88542	-0.28
278.89583	-0.25
278.90625	-0.22
278.91667	-0.19
278.92708	-0.17
278.93750	-0.12
278.94792	-0.10
278.95833	-0.08
278.96875	-0.07
278.97917	-0.04
278.98958	-0.01
279.00000	0.00
279.01042	0.01
279.02083	0.01
279.03125	0.03
279.04167	0.03
279.05208	0.03
279.06250	0.02
279.07292	-0.01
279.08333	0.01
279.09375	-0.02
279.10417	-0.03
279.11458	-0.06
279.12500	-0.08
279.13542	-0.09
279.14583	-0.11
279.15625	-0.12
279.16667	-0.15
279.17708	-0.16
279.18750	-0.17
279.19792	-0.20
279.20833	-0.21
279.21875	-0.23
279.22917	-0.24
279.23958	-0.25
279.25000	-0.25
279.26042	-0.26
279.27083	-0.26
279.28125	-0.25
279.29167	-0.25
279.30208	-0.23
279.31250	-0.21
279.32292	-0.18
279.33333	-0.15
279.34375	-0.12
279.35417	-0.10
279.36458	-0.06
279.37500	-0.02
279.38542	0.01
279.39583	0.05
279.40625	0.08
279.41667	0.13
279.42708	0.17
279.43750	0.19
279.44792	0.22
279.45833	0.25
279.46875	0.29
279.47917	0.31
279.48958	0.32
279.50000	0.34
279.51042	0.36
279.52083	0.38
279.53125	0.37
279.54167	0.37
279.55208	0.38
279.56250	0.37
279.57292	0.36
279.58333	0.31
279.59375	0.32
279.60417	0.31
279.61458	0.28
279.62500	0.23
279.63542	0.21
279.64583	0.19
279.65625	0.16
279.66667	0.13
279.67708	0.09
279.68750	0.05
279.69792	0.02
279.70833	-0.01
279.71875	-0.04
279.72917	-0.08
279.73958	-0.11
279.75000	-0.13
279.76042	-0.16
279.77083	-0.19
279.78125	-0.23
279.79167	-0.25
279.80208	-0.27
279.81250	-0.29
279.82292	-0.32
279.83333	-0.34
279.84375	-0.35
279.85417	-0.36
279.86458	-0.37
279.87500	-0.38
279.88542	-0.38
279.89583	-0.36
279.90625	-0.34
279.91667	-0.33
279.92708	-0.31
279.93750	-0.27
279.94792	-0.23
279.95833	-0.22
279.96875	-0.18
279.97917	-0.15
279.98958	-0.14
280.00000	-0.11
280.01042	-0.08
280.02083	-0.05
280.03125	-0.05
280.04167	-0.04
280.05208	-0.02
280.06250	-0.01
280.07292	0.00
280.08333	-0.02
280.09375	-0.01
280.10417	0.00
280.11458	0.00
280.12500	-0.02
280.13542	-0.04
280.14583	-0.05
280.15625	-0.06
280.16667	-0.07
280.17708	-0.09
280.18750	-0.10
280.19792	-0.10
280.20833	-0.12
280.21875	-0.14
280.22917	-0.16
280.23958	-0.17
280.25000	-0.18
280.26042	-0.19
280.27083	-0.20
280.28125	-0.22
280.29167	-0.21
280.30208	-0.20
280.31250	-0.20
280.32292	-0.18
280.33333	-0.19
280.34375	-0.15
280.35417	-0.13
280.36458	-0.10
280.37500	-0.09
280.38542	-0.06
280.39583	-0.03
280.40625	0.01
280.41667	0.04
280.42708	0.06
280.43750	0.10
280.44792	0.13
280.45833	0.16
280.46875	0.19
280.47917	0.22
280.48958	0.26
280.50000	0.28
280.51042	0.30
280.52083	0.32
280.53125	0.34
280.54167	0.35
280.55208	0.36
280.56250	0.37
280.57292	0.36
280.58333	0.38
280.59375	0.38
280.60417	0.36
280.61458	0.34
280.62500	0.35
280.63542	0.33
280.64583	0.32
280.65625	0.27
280.66667	0.25
280.67708	0.23
280.68750	0.20
280.69792	0.17
280.70833	0.14
280.71875	0.11
280.72917	0.08
280.73958	0.04
280.75000	0.01
280.76042	-0.03
280.77083	-0.06
280.78125	-0.09
280.79167	-0.12
280.80208	-0.14
280.81250	-0.17
280.82292	-0.20
280.83333	-0.22
280.84375	-0.25
280.85417	-0.28
280.86458	-0.30
280.87500	-0.32
280.88542	-0.33
280.89583	-0.35
280.90625	-0.36
280.91667	-0.37
280.92708	-0.36
280.93750	-0.36
280.94792	-0.35
280.95833	-0.33
280.96875	-0.30
280.97917	-0.28
280.98958	-0.24
281.00000	-0.23
281.01042	-0.20
281.02083	-0.17
281.03125	-0.14
281.04167	-0.12
281.05208	-0.10
281.06250	-0.08
281.07292	-0.07
281.08333	-0.04
281.09375	-0.04
281.10417	-0.04
281.11458	-0.03
281.12500	0.00
281.13542	0.00
281.14583	-0.03
281.15625	-0.03
281.16667	-0.02
281.17708	-0.02
281.18750	-0.04
281.19792	-0.06
281.20833	-0.07
281.21875	-0.08
281.22917	-0.08
281.23958	-0.10
281.25000	-0.12
281.26042	-0.15
281.27083	-0.15
281.28125	-0.16
281.29167	-0.17
281.30208	-0.20
281.31250	-0.20
281.32292	-0.21
281.33333	-0.20
281.34375	-0.23
281.35417	-0.24
281.36458	-0.21
281.37500	-0.18
281.38542	-0.17
281.39583	-0.19
281.40625	-0.15
281.41667	-0.12
281.42708	-0.10
281.43750	-0.11
281.44792	-0.08
281.45833	-0.05
281.46875	0.01
281.47917	0.03
281.48958	0.05
281.50000	0.09
281.51042	0.11
281.52083	0.17
281.53125	0.17
281.54167	0.20
281.55208	0.22
281.56250	0.24
281.57292	0.25
281.58333	0.27
281.59375	0.29
281.60417	0.25
281.61458	0.26
281.62500	0.30
281.63542	0.32
281.64583	0.28
281.65625	0.25
281.66667	0.34
281.67708	0.30
281.68750	0.21
281.69792	0.25
281.70833	0.26
281.71875	0.19
281.72917	0.16
281.73958	0.14
281.75000	0.11
281.76042	0.11
281.77083	0.05
281.78125	0.03
281.79167	0.00
281.80208	-0.04
281.81250	-0.06
281.82292	-0.09
281.83333	-0.14
281.84375	-0.17
281.85417	-0.18
281.86458	-0.20
281.87500	-0.25
281.88542	-0.28
281.89583	-0.30
281.90625	-0.31
281.91667	-0.35
281.92708	-0.38
281.93750	-0.37
281.94792	-0.39
281.95833	-0.39
281.96875	-0.39
281.97917	-0.39
281.98958	-0.40
282.00000	-0.35
282.01042	-0.33
282.02083	-0.32
282.03125	-0.29
282.04167	-0.24
282.05208	-0.22
282.06250	-0.19
282.07292	-0.17
282.08333	-0.11
282.09375	-0.10
282.10417	-0.09
282.11458	-0.04
282.12500	-0.04
282.13542	0.00
282.14583	-0.01
282.15625	0.03
282.16667	0.03
282.17708	0.04
282.18750	0.05
282.19792	0.03
282.20833	0.02
282.21875	0.05
282.22917	0.05
282.23958	0.00
282.25000	-0.01
282.26042	-0.01
282.27083	-0.05
282.28125	-0.05
282.29167	-0.07
282.30208	-0.10
282.31250	-0.11
282.32292	-0.12
282.33333	-0.14
282.34375	-0.15
282.35417	-0.17
282.36458	-0.16
282.37500	-0.17
282.38542	-0.20
282.39583	-0.18
282.40625	-0.18
282.41667	-0.18
282.42708	-0.18
282.43750	-0.16
282.44792	-0.14
282.45833	-0.14
282.46875	-0.08
282.47917	-0.07
282.48958	-0.04
282.50000	0.00
282.51042	0.04
282.52083	0.06
282.53125	0.08
282.54167	0.15
282.55208	0.17
282.56250	0.21
282.57292	0.22
282.58333	0.29
282.59375	0.31
282.60417	0.31
282.61458	0.36
282.62500	0.39
282.63542	0.40
282.64583	0.39
282.65625	0.46
282.66667	0.44
282.67708	0.43
282.68750	0.45
282.69792	0.45
282.70833	0.42
282.71875	0.42
282.72917	0.42
282.73958	0.38
282.75000	0.37
282.76042	0.36
282.77083	0.31
282.78125	0.28
282.79167	0.26
282.80208	0.23
282.81250	0.19
282.82292	0.15
282.83333	0.12
282.84375	0.09
282.85417	0.06
282.86458	0.02
282.87500	-0.01
282.88542	-0.04
282.89583	-0.07
282.90625	-0.10
282.91667	-0.11
282.92708	-0.14
282.93750	-0.17
282.94792	-0.18
282.95833	-0.19
282.96875	-0.22
282.97917	-0.23
282.98958	-0.23
283.00000	-0.23
283.01042	-0.23
283.02083	-0.21
283.03125	-0.19
283.04167	-0.17
283.05208	-0.14
283.06250	-0.10
283.07292	-0.06
283.08333	-0.04
283.09375	0.02
283.10417	0.04
283.11458	0.06
283.12500	0.11
283.13542	0.13
283.14583	0.15
283.15625	0.18
283.16667	0.20
283.17708	0.20
283.18750	0.23
283.19792	0.23
283.20833	0.25
283.21875	0.24
283.22917	0.24
283.23958	0.24
283.25000	0.22
283.26042	0.22
283.27083	0.20
283.28125	0.19
283.29167	0.16
283.30208	0.15
283.31250	0.12
283.32292	0.11
283.33333	0.08
283.34375	0.05
283.35417	0.03
283.36458	0.01
283.37500	-0.01
283.38542	-0.04
283.39583	-0.06
283.40625	-0.08
283.41667	-0.10
283.42708	-0.11
283.43750	-0.13
283.44792	-0.14
283.45833	-0.15
283.46875	-0.15
283.47917	-0.15
283.48958	-0.13
283.50000	-0.13
283.51042	-0.12
283.52083	-0.08
283.53125	-0.06
283.54167	-0.02
283.55208	0.01
283.56250	0.04
283.57292	0.07
283.58333	0.11
283.59375	0.14
283.60417	0.18
283.61458	0.20
283.62500	0.25
283.63542	0.28
283.64583	0.30
283.65625	0.30
283.66667	0.34
283.67708	0.36
283.68750	0.37
283.69792	0.37
283.70833	0.37
283.71875	0.38
283.72917	0.36
283.73958	0.36
283.75000	0.34
283.76042	0.32
283.77083	0.32
283.78125	0.28
283.79167	0.25
283.80208	0.21
283.81250	0.18
283.82292	0.15
283.83333	0.11
283.84375	0.08
283.85417	0.04
283.86458	0.00
283.87500	-0.04
283.88542	-0.07
283.89583	-0.11
283.90625	-0.15
283.91667	-0.18
283.92708	-0.21
283.93750	-0.24
283.94792	-0.28
283.95833	-0.31
283.96875	-0.34
283.97917	-0.37
283.98958	-0.39
284.00000	-0.41
284.01042	-0.44
284.02083	-0.45
284.03125	-0.46
284.04167	-0.46
284.05208	-0.45
284.06250	-0.44
284.07292	-0.43
284.08333	-0.38
284.09375	-0.34
284.10417	-0.29
284.11458	-0.25
284.12500	-0.21
284.13542	-0.16
284.14583	-0.12
284.15625	-0.08
284.16667	-0.05
284.17708	-0.01
284.18750	0.03
284.19792	0.06
284.20833	0.08
284.21875	0.10
284.22917	0.12
284.23958	0.12
284.25000	0.13
284.26042	0.11
284.27083	0.10
284.28125	0.09
284.29167	0.09
284.30208	0.06
284.31250	0.04
284.32292	0.02
284.33333	-0.01
284.34375	-0.03
284.35417	-0.06
284.36458	-0.09
284.37500	-0.12
284.38542	-0.15
284.39583	-0.18
284.40625	-0.21
284.41667	-0.24
284.42708	-0.27
284.43750	-0.29
284.44792	-0.32
284.45833	-0.34
284.46875	-0.35
284.47917	-0.37
284.48958	-0.37
284.50000	-0.37
284.51042	-0.37
284.52083	-0.35
284.53125	-0.33
284.54167	-0.31
284.55208	-0.27
284.56250	-0.23
284.57292	-0.19
284.58333	-0.15
284.59375	-0.10
284.60417	-0.07
284.61458	-0.01
284.62500	0.03
284.63542	0.08
284.64583	0.13
284.65625	0.16
284.66667	0.21
284.67708	0.24
284.68750	0.28
284.69792	0.30
284.70833	0.32
284.71875	0.34
284.72917	0.35
284.73958	0.35
284.75000	0.35
284.76042	0.36
284.77083	0.33
284.78125	0.32
284.79167	0.31
284.80208	0.28
284.81250	0.25
284.82292	0.21
284.83333	0.18
284.84375	0.15
284.85417	0.11
284.86458	0.06
284.87500	0.02
284.88542	-0.02
284.89583	-0.06
284.90625	-0.10
284.91667	-0.14
284.92708	-0.18
284.93750	-0.22
284.94792	-0.25
284.95833	-0.29
284.96875	-0.33
284.97917	-0.36
284.98958	-0.40
285.00000	-0.43
285.01042	-0.47
285.02083	-0.50
285.03125	-0.53
285.04167	-0.55
285.05208	-0.55
285.06250	-0.56
285.07292	-0.56
285.08333	-0.53
285.09375	-0.48
285.10417	-0.44
285.11458	-0.40
285.12500	-0.35
285.13542	-0.30
285.14583	-0.25
285.15625	-0.21
285.16667	-0.15
285.17708	-0.10
285.18750	-0.05
285.19792	0.00
285.20833	0.03
285.21875	0.07
285.22917	0.11
285.23958	0.15
285.25000	0.15
285.26042	0.16
285.27083	0.17
285.28125	0.18
285.29167	0.17
285.30208	0.15
285.31250	0.13
285.32292	0.11
285.33333	0.09
285.34375	0.06
285.35417	0.02
285.36458	-0.01
285.37500	-0.03
285.38542	-0.06
285.39583	-0.11
285.40625	-0.15
285.41667	-0.18
285.42708	-0.21
285.43750	-0.24
285.44792	-0.28
285.45833	-0.32
285.46875	-0.35
285.47917	-0.37
285.48958	-0.40
285.50000	-0.44
285.51042	-0.44
285.52083	-0.45
285.53125	-0.45
285.54167	-0.45
285.55208	-0.44
285.56250	-0.39
285.57292	-0.36
285.58333	-0.32
285.59375	-0.28
285.60417	-0.23
285.61458	-0.19
285.62500	-0.12
285.63542	-0.08
285.64583	-0.02
285.65625	0.04
285.66667	0.10
285.67708	0.15
285.68750	0.20
285.69792	0.24
285.70833	0.29
285.71875	0.33
285.72917	0.35
285.73958	0.38
285.75000	0.40
285.76042	0.42
285.77083	0.41
285.78125	0.42
285.79167	0.41
285.80208	0.39
285.81250	0.36
285.82292	0.34
285.83333	0.33
285.84375	0.29
285.85417	0.25
285.86458	0.20
285.87500	0.16
285.88542	0.12
285.89583	0.08
285.90625	0.03
285.91667	-0.01
285.92708	-0.05
285.93750	-0.09
285.94792	-0.13
285.95833	-0.17
285.96875	-0.21
285.97917	-0.25
285.98958	-0.28
286.00000	-0.32
286.01042	-0.36
286.02083	-0.39
286.03125	-0.42
286.04167	-0.46
286.05208	-0.49
286.06250	-0.52
286.07292	-0.54
286.08333	-0.55
286.09375	-0.55
286.10417	-0.54
286.11458	-0.50
286.12500	-0.44
286.13542	-0.39
286.14583	-0.34
286.15625	-0.29
286.16667	-0.23
286.17708	-0.18
286.18750	-0.13
286.19792	-0.07
286.20833	-0.01
286.21875	0.04
286.22917	0.09
286.23958	0.13
286.25000	0.16
286.26042	0.20
286.27083	0.23
286.28125	0.23
286.29167	0.24
286.30208	0.25
286.31250	0.25
286.32292	0.23
286.33333	0.23
286.34375	0.21
286.35417	0.16
286.36458	0.14
286.37500	0.12
286.38542	0.08
286.39583	0.04
286.40625	0.01
286.41667	-0.04
286.42708	-0.07
286.43750	-0.11
286.44792	-0.15
286.45833	-0.18
286.46875	-0.23
286.47917	-0.26
286.48958	-0.30
286.50000	-0.33
286.51042	-0.37
286.52083	-0.40
286.53125	-0.43
286.54167	-0.45
286.55208	-0.48
286.56250	-0.49
286.57292	-0.49
286.58333	-0.48
286.59375	-0.45
286.60417	-0.43
286.61458	-0.38
286.62500	-0.32
286.63542	-0.27
286.64583	-0.21
286.65625	-0.15
286.66667	-0.10
286.67708	-0.04
286.68750	0.02
286.69792	0.09
286.70833	0.15
286.71875	0.20
286.72917	0.24
286.73958	0.29
286.75000	0.34
286.76042	0.37
286.77083	0.39
286.78125	0.39
286.79167	0.41
286.80208	0.43
286.81250	0.43
286.82292	0.40
286.83333	0.40
286.84375	0.38
286.85417	0.35
286.86458	0.29
286.87500	0.26
286.88542	0.23
286.89583	0.19
286.90625	0.15
286.91667	0.10
286.92708	0.05
286.93750	0.01
286.94792	-0.03
286.95833	-0.07
286.96875	-0.11
286.97917	-0.15
286.98958	-0.19
287.00000	-0.23
287.01042	-0.26
287.02083	-0.30
287.03125	-0.34
287.04167	-0.37
287.05208	-0.41
287.06250	-0.45
287.07292	-0.48
287.08333	-0.51
287.09375	-0.53
287.10417	-0.54
287.11458	-0.56
287.12500	-0.54
287.13542	-0.51
287.14583	-0.44
287.15625	-0.40
287.16667	-0.33
287.17708	-0.27
287.18750	-0.21
287.19792	-0.14
287.20833	-0.09
287.21875	-0.02
287.22917	0.04
287.23958	0.11
287.25000	0.19
287.26042	0.24
287.27083	0.28
287.28125	0.31
287.29167	0.32
287.30208	0.34
287.31250	0.35
287.32292	0.34
287.33333	0.34
287.34375	0.31
287.35417	0.31
287.36458	0.26
287.37500	0.24
287.38542	0.19
287.39583	0.17
287.40625	0.11
287.41667	0.09
287.42708	0.04
287.43750	0.00
287.44792	-0.04
287.45833	-0.08
287.46875	-0.12
287.47917	-0.16
287.48958	-0.19
287.50000	-0.21
287.51042	-0.24
287.52083	-0.28
287.53125	-0.32
287.54167	-0.36
287.55208	-0.39
287.56250	-0.43
287.57292	-0.46
287.58333	-0.49
287.59375	-0.51
287.60417	-0.52
287.61458	-0.53
287.62500	-0.49
287.63542	-0.48
287.64583	-0.46
287.65625	-0.37
287.66667	-0.30
287.67708	-0.25
287.68750	-0.20
287.69792	-0.14
287.70833	-0.07
287.71875	0.00
287.72917	0.06
287.73958	0.12
287.75000	0.18
287.76042	0.25
287.77083	0.31
287.78125	0.32
287.79167	0.36
287.80208	0.40
287.81250	0.43
287.82292	0.42
287.83333	0.43
287.84375	0.42
287.85417	0.42
287.86458	0.40
287.87500	0.34
287.88542	0.34
287.89583	0.31
287.90625	0.26
287.91667	0.21
287.92708	0.17
287.93750	0.14
287.94792	0.09
287.95833	0.05
287.96875	0.00
287.97917	-0.04
287.98958	-0.08
288.00000	-0.12
288.01042	-0.16
288.02083	-0.20
288.03125	-0.24
288.04167	-0.27
288.05208	-0.31
288.06250	-0.35
288.07292	-0.38
288.08333	-0.42
288.09375	-0.45
288.10417	-0.47
288.11458	-0.50
288.12500	-0.52
288.13542	-0.52
288.14583	-0.50
288.15625	-0.47
288.16667	-0.44
288.17708	-0.35
288.18750	-0.29
288.19792	-0.24
288.20833	-0.17
288.21875	-0.09
288.22917	-0.03
288.23958	0.05
288.25000	0.11
288.26042	0.17
288.27083	0.24
288.28125	0.28
288.29167	0.33
288.30208	0.39
288.31250	0.42
288.32292	0.42
288.33333	0.46
288.34375	0.47
288.35417	0.47
288.36458	0.48
288.37500	0.46
288.38542	0.46
288.39583	0.40
288.40625	0.38
288.41667	0.38
288.42708	0.30
288.43750	0.27
288.44792	0.24
288.45833	0.18
288.46875	0.14
288.47917	0.10
288.48958	0.06
288.50000	0.02
288.51042	-0.02
288.52083	-0.07
288.53125	-0.10
288.54167	-0.14
288.55208	-0.18
288.56250	-0.21
288.57292	-0.25
288.58333	-0.28
288.59375	-0.31
288.60417	-0.34
288.61458	-0.37
288.62500	-0.39
288.63542	-0.40
288.64583	-0.40
288.65625	-0.40
288.66667	-0.38
288.67708	-0.32
288.68750	-0.27
288.69792	-0.23
288.70833	-0.19
288.71875	-0.10
288.72917	-0.04
288.73958	0.02
288.75000	0.06
288.76042	0.14
288.77083	0.22
288.78125	0.24
288.79167	0.30
288.80208	0.34
288.81250	0.39
288.82292	0.43
288.83333	0.42
288.84375	0.45
288.85417	0.46
288.86458	0.49
288.87500	0.43
288.88542	0.42
288.89583	0.42
288.90625	0.41
288.91667	0.35
288.92708	0.32
288.93750	0.28
288.94792	0.25
288.95833	0.20
288.96875	0.16
288.97917	0.11
288.98958	0.06
289.00000	0.03
289.01042	-0.01
289.02083	-0.06
289.03125	-0.10
289.04167	-0.14
289.05208	-0.17
289.06250	-0.21
289.07292	-0.25
289.08333	-0.28
289.09375	-0.32
289.10417	-0.34
289.11458	-0.38
289.12500	-0.40
289.13542	-0.43
289.14583	-0.44
289.15625	-0.45
289.16667	-0.46
289.17708	-0.43
289.18750	-0.36
289.19792	-0.29
289.20833	-0.27
289.21875	-0.19
289.22917	-0.12
289.23958	-0.05
289.25000	0.02
289.26042	0.08
289.27083	0.16
289.28125	0.23
289.29167	0.30
289.30208	0.34
289.31250	0.38
289.32292	0.45
289.33333	0.50
289.34375	0.52
289.35417	0.52
289.36458	0.58
289.37500	0.57
289.38542	0.57
289.39583	0.56
289.40625	0.55
289.41667	0.55
289.42708	0.48
289.43750	0.47
289.44792	0.42
289.45833	0.38
289.46875	0.35
289.47917	0.30
289.48958	0.23
289.50000	0.20
289.51042	0.16
289.52083	0.12
289.53125	0.07
289.54167	0.03
289.55208	-0.01
289.56250	-0.05
289.57292	-0.09
289.58333	-0.12
289.59375	-0.16
289.60417	-0.20
289.61458	-0.23
289.62500	-0.27
289.63542	-0.30
289.64583	-0.33
289.65625	-0.35
289.66667	-0.38
289.67708	-0.40
289.68750	-0.40
289.69792	-0.39
289.70833	-0.38
289.71875	-0.34
289.72917	-0.29
289.73958	-0.22
289.75000	-0.15
289.76042	-0.10
289.77083	-0.04
289.78125	0.03
289.79167	0.09
289.80208	0.15
289.81250	0.20
289.82292	0.25
289.83333	0.31
289.84375	0.34
289.85417	0.35
289.86458	0.39
289.87500	0.41
289.88542	0.41
289.89583	0.39
289.90625	0.40
289.91667	0.41
289.92708	0.39
289.93750	0.34
289.94792	0.32
289.95833	0.30
289.96875	0.27
289.97917	0.22
289.98958	0.17
290.00000	0.13
290.01042	0.09
290.02083	0.05
290.03125	0.01
290.04167	-0.04
290.05208	-0.08
290.06250	-0.11
290.07292	-0.15
290.08333	-0.19
290.09375	-0.23
290.10417	-0.26
290.11458	-0.29
290.12500	-0.32
290.13542	-0.35
290.14583	-0.38
290.15625	-0.40
290.16667	-0.41
290.17708	-0.42
290.18750	-0.41
290.19792	-0.39
290.20833	-0.33
290.21875	-0.27
290.22917	-0.22
290.23958	-0.16
290.25000	-0.09
290.26042	-0.03
290.27083	0.04
290.28125	0.10
290.29167	0.17
290.30208	0.23
290.31250	0.29
290.32292	0.35
290.33333	0.41
290.34375	0.44
290.35417	0.49
290.36458	0.53
290.37500	0.56
290.38542	0.56
290.39583	0.57
290.40625	0.59
290.41667	0.57
290.42708	0.58
290.43750	0.53
290.44792	0.51
290.45833	0.47
290.46875	0.46
290.47917	0.41
290.48958	0.35
290.50000	0.31
290.51042	0.27
290.52083	0.23
290.53125	0.18
290.54167	0.14
290.55208	0.09
290.56250	0.06
290.57292	0.02
290.58333	-0.03
290.59375	-0.07
290.60417	-0.11
290.61458	-0.15
290.62500	-0.18
290.63542	-0.22
290.64583	-0.26
290.65625	-0.29
290.66667	-0.33
290.67708	-0.36
290.68750	-0.39
290.69792	-0.41
290.70833	-0.43
290.71875	-0.45
290.72917	-0.45
290.73958	-0.45
290.75000	-0.42
290.76042	-0.38
290.77083	-0.33
290.78125	-0.26
290.79167	-0.21
290.80208	-0.15
290.81250	-0.10
290.82292	-0.05
290.83333	0.02
290.84375	0.06
290.85417	0.11
290.86458	0.15
290.87500	0.19
290.88542	0.23
290.89583	0.24
290.90625	0.25
290.91667	0.26
290.92708	0.28
290.93750	0.28
290.94792	0.25
290.95833	0.22
290.96875	0.22
290.97917	0.19
290.98958	0.15
291.00000	0.13
291.01042	0.09
291.02083	0.05
291.03125	0.01
291.04167	-0.03
291.05208	-0.07
291.06250	-0.11
291.07292	-0.15
291.08333	-0.19
291.09375	-0.22
291.10417	-0.27
291.11458	-0.30
291.12500	-0.34
291.13542	-0.38
291.14583	-0.41
291.15625	-0.45
291.16667	-0.47
291.17708	-0.49
291.18750	-0.50
291.19792	-0.50
291.20833	-0.49
291.21875	-0.47
291.22917	-0.43
291.23958	-0.37
291.25000	-0.32
291.26042	-0.27
291.27083	-0.21
291.28125	-0.15
291.29167	-0.09
291.30208	-0.02
291.31250	0.04
291.32292	0.12
291.33333	0.17
291.34375	0.24
291.35417	0.29
291.36458	0.35
291.37500	0.39
291.38542	0.43
291.39583	0.47
291.40625	0.48
291.41667	0.51
291.42708	0.51
291.43750	0.52
291.44792	0.51
291.45833	0.50
291.46875	0.49
291.47917	0.47
291.48958	0.43
291.50000	0.38
291.51042	0.36
291.52083	0.32
291.53125	0.26
291.54167	0.22
291.55208	0.17
291.56250	0.13
291.57292	0.09
291.58333	0.04
291.59375	0.00
291.60417	-0.05
291.61458	-0.08
291.62500	-0.12
291.63542	-0.16
291.64583	-0.20
291.65625	-0.24
291.66667	-0.28
291.67708	-0.32
291.68750	-0.35
291.69792	-0.39
291.70833	-0.42
291.71875	-0.46
291.72917	-0.49
291.73958	-0.52
291.75000	-0.54
291.76042	-0.55
291.77083	-0.56
291.78125	-0.54
291.79167	-0.53
291.80208	-0.48
291.81250	-0.42
291.82292	-0.38
291.83333	-0.32
291.84375	-0.27
291.85417	-0.22
291.86458	-0.17
291.87500	-0.12
291.88542	-0.07
291.89583	-0.03
291.90625	0.02
291.91667	0.05
291.92708	0.08
291.93750	0.10
291.94792	0.12
291.95833	0.13
291.96875	0.12
291.97917	0.11
291.98958	0.09
292.00000	0.07
292.01042	0.05
292.02083	0.02
292.03125	-0.02
292.04167	-0.05
292.05208	-0.07
292.06250	-0.11
292.07292	-0.15
292.08333	-0.19
292.09375	-0.22
292.10417	-0.26
292.11458	-0.30
292.12500	-0.34
292.13542	-0.38
292.14583	-0.41
292.15625	-0.44
292.16667	-0.47
292.17708	-0.51
292.18750	-0.52
292.19792	-0.53
292.20833	-0.54
292.21875	-0.54
292.22917	-0.53
292.23958	-0.49
292.25000	-0.46
292.26042	-0.43
292.27083	-0.38
292.28125	-0.33
292.29167	-0.28
292.30208	-0.22
292.31250	-0.17
292.32292	-0.11
292.33333	-0.05
292.34375	0.02
292.35417	0.07
292.36458	0.14
292.37500	0.19
292.38542	0.25
292.39583	0.29
292.40625	0.33
292.41667	0.38
292.42708	0.41
292.43750	0.41
292.44792	0.44
292.45833	0.45
292.46875	0.46
292.47917	0.44
292.48958	0.43
292.50000	0.41
292.51042	0.40
292.52083	0.38
292.53125	0.31
292.54167	0.28
292.55208	0.25
292.56250	0.21
292.57292	0.16
292.58333	0.11
292.59375	0.07
292.60417	0.03
292.61458	-0.01
292.62500	-0.06
292.63542	-0.11
292.64583	-0.15
292.65625	-0.19
292.66667	-0.23
292.67708	-0.27
292.68750	-0.31
292.69792	-0.35
292.70833	-0.39
292.71875	-0.43
292.72917	-0.47
292.73958	-0.52
292.75000	-0.56
292.76042	-0.60
292.77083	-0.64
292.78125	-0.67
292.79167	-0.68
292.80208	-0.68
292.81250	-0.68
292.82292	-0.67
292.83333	-0.64
292.84375	-0.60
292.85417	-0.55
292.86458	-0.51
292.87500	-0.46
292.88542	-0.42
292.89583	-0.36
292.90625	-0.32
292.91667	-0.28
292.92708	-0.23
292.93750	-0.20
292.94792	-0.16
292.95833	-0.12
292.96875	-0.09
292.97917	-0.08
292.98958	-0.06
293.00000	-0.05
293.01042	-0.05
293.02083	-0.07
293.03125	-0.07
293.04167	-0.10
293.05208	-0.12
293.06250	-0.15
293.07292	-0.16
293.08333	-0.20
293.09375	-0.23
293.10417	-0.26
293.11458	-0.29
293.12500	-0.33
293.13542	-0.37
293.14583	-0.40
293.15625	-0.43
293.16667	-0.46
293.17708	-0.50
293.18750	-0.54
293.19792	-0.56
293.20833	-0.58
293.21875	-0.59
293.22917	-0.60
293.23958	-0.61
293.25000	-0.61
293.26042	-0.58
293.27083	-0.56
293.28125	-0.53
293.29167	-0.50
293.30208	-0.46
293.31250	-0.41
293.32292	-0.37
293.33333	-0.33
293.34375	-0.27
293.35417	-0.23
293.36458	-0.17
293.37500	-0.11
293.38542	-0.07
293.39583	-0.01
293.40625	0.04
293.41667	0.10
293.42708	0.14
293.43750	0.19
293.44792	0.22
293.45833	0.25
293.46875	0.28
293.47917	0.31
293.48958	0.31
293.50000	0.31
293.51042	0.32
293.52083	0.32
293.53125	0.29
293.54167	0.27
293.55208	0.24
293.56250	0.21
293.57292	0.19
293.58333	0.14
293.59375	0.10
293.60417	0.06
293.61458	0.03
293.62500	-0.01
293.63542	-0.06
293.64583	-0.11
293.65625	-0.15
293.66667	-0.19
293.67708	-0.23
293.68750	-0.28
293.69792	-0.33
293.70833	-0.37
293.71875	-0.41
293.72917	-0.47
293.73958	-0.52
293.75000	-0.57
293.76042	-0.62
293.77083	-0.67
293.78125	-0.72
293.79167	-0.76
293.80208	-0.79
293.81250	-0.80
293.82292	-0.81
293.83333	-0.81
293.84375	-0.79
293.85417	-0.79
293.86458	-0.76
293.87500	-0.71
293.88542	-0.69
293.89583	-0.64
293.90625	-0.60
293.91667	-0.55
293.92708	-0.51
293.93750	-0.46
293.94792	-0.40
293.95833	-0.37
293.96875	-0.34
293.97917	-0.29
293.98958	-0.24
294.00000	-0.22
294.01042	-0.21
294.02083	-0.17
294.03125	-0.15
294.04167	-0.14
294.05208	-0.12
294.06250	-0.14
294.07292	-0.14
294.08333	-0.16
294.09375	-0.16
294.10417	-0.19
294.11458	-0.21
294.12500	-0.23
294.13542	-0.25
294.14583	-0.28
294.15625	-0.31
294.16667	-0.34
294.17708	-0.38
294.18750	-0.40
294.19792	-0.42
294.20833	-0.45
294.21875	-0.49
294.22917	-0.51
294.23958	-0.53
294.25000	-0.55
294.26042	-0.57
294.27083	-0.58
294.28125	-0.56
294.29167	-0.55
294.30208	-0.54
294.31250	-0.53
294.32292	-0.50
294.33333	-0.46
294.34375	-0.41
294.35417	-0.37
294.36458	-0.35
294.37500	-0.30
294.38542	-0.25
294.39583	-0.21
294.40625	-0.17
294.41667	-0.13
294.42708	-0.07
294.43750	-0.02
294.44792	0.03
294.45833	0.06
294.46875	0.12
294.47917	0.16
294.48958	0.20
294.50000	0.23
294.51042	0.25
294.52083	0.28
294.53125	0.29
294.54167	0.29
294.55208	0.30
294.56250	0.29
294.57292	0.28
294.58333	0.27
294.59375	0.24
294.60417	0.20
294.61458	0.20
294.62500	0.15
294.63542	0.12
294.64583	0.08
294.65625	0.05
294.66667	0.01
294.67708	-0.03
294.68750	-0.07
294.69792	-0.11
294.70833	-0.15
294.71875	-0.19
294.72917	-0.23
294.73958	-0.28
294.75000	-0.32
294.76042	-0.36
294.77083	-0.40
294.78125	-0.45
294.79167	-0.49
294.80208	-0.54
294.81250	-0.58
294.82292	-0.63
294.83333	-0.67
294.84375	-0.71
294.85417	-0.73
294.86458	-0.74
294.87500	-0.76
294.88542	-0.76
294.89583	-0.75
294.90625	-0.71
294.91667	-0.67
294.92708	-0.66
294.93750	-0.64
294.94792	-0.55
294.95833	-0.52
294.96875	-0.46
294.97917	-0.44
294.98958	-0.39
295.00000	-0.36
295.01042	-0.31
295.02083	-0.27
295.03125	-0.24
295.04167	-0.21
295.05208	-0.17
295.06250	-0.14
295.07292	-0.12
295.08333	-0.10
295.09375	-0.09
295.10417	-0.10
295.11458	-0.09
295.12500	-0.10
295.13542	-0.10
295.14583	-0.12
295.15625	-0.13
295.16667	-0.15
295.17708	-0.17
295.18750	-0.20
295.19792	-0.20
295.20833	-0.23
295.21875	-0.26
295.22917	-0.27
295.23958	-0.30
295.25000	-0.33
295.26042	-0.35
295.27083	-0.38
295.28125	-0.40
295.29167	-0.42
295.30208	-0.45
295.31250	-0.45
295.32292	-0.45
295.33333	-0.45
295.34375	-0.43
295.35417	-0.42
295.36458	-0.40
295.37500	-0.35
295.38542	-0.33
295.39583	-0.30
295.40625	-0.26
295.41667	-0.23
295.42708	-0.19
295.43750	-0.15
295.44792	-0.10
295.45833	-0.06
295.46875	-0.02
295.47917	0.04
295.48958	0.10
295.50000	0.13
295.51042	0.16
295.52083	0.21
295.53125	0.26
295.54167	0.28
295.55208	0.31
295.56250	0.31
295.57292	0.33
295.58333	0.37
295.59375	0.35
295.60417	0.37
295.61458	0.35
295.62500	0.34
295.63542	0.34
295.64583	0.32
295.65625	0.32
295.66667	0.27
295.67708	0.25
295.68750	0.23
295.69792	0.18
295.70833	0.16
295.71875	0.12
295.72917	0.08
295.73958	0.04
295.75000	0.01
295.76042	-0.04
295.77083	-0.08
295.78125	-0.11
295.79167	-0.15
295.80208	-0.19
295.81250	-0.23
295.82292	-0.26
295.83333	-0.30
295.84375	-0.34
295.85417	-0.38
295.86458	-0.42
295.87500	-0.45
295.88542	-0.48
295.89583	-0.51
295.90625	-0.53
295.91667	-0.55
295.92708	-0.56
295.93750	-0.56
295.94792	-0.55
295.95833	-0.52
295.96875	-0.51
295.97917	-0.48
295.98958	-0.44
296.00000	-0.35
296.01042	-0.31
296.02083	-0.26
296.03125	-0.23
296.04167	-0.18
296.05208	-0.13
296.06250	-0.10
296.07292	-0.07
296.08333	-0.02
296.09375	0.01
296.10417	0.02
296.11458	0.05
296.12500	0.07
296.13542	0.07
296.14583	0.09
296.15625	0.08
296.16667	0.07
296.17708	0.07
296.18750	0.06
296.19792	0.04
296.20833	0.03
296.21875	0.03
296.22917	0.01
296.23958	-0.01
296.25000	-0.03
296.26042	-0.06
296.27083	-0.09
296.28125	-0.11
296.29167	-0.13
296.30208	-0.16
296.31250	-0.18
296.32292	-0.20
296.33333	-0.22
296.34375	-0.24
296.35417	-0.26
296.36458	-0.27
296.37500	-0.29
296.38542	-0.30
296.39583	-0.31
296.40625	-0.30
296.41667	-0.28
296.42708	-0.27
296.43750	-0.25
296.44792	-0.22
296.45833	-0.18
296.46875	-0.15
296.47917	-0.11
296.48958	-0.08
296.50000	-0.04
296.51042	0.02
296.52083	0.07
296.53125	0.11
296.54167	0.14
296.55208	0.20
296.56250	0.23
296.57292	0.27
296.58333	0.28
296.59375	0.32
296.60417	0.35
296.61458	0.36
296.62500	0.40
296.63542	0.40
296.64583	0.40
296.65625	0.41
296.66667	0.43
296.67708	0.42
296.68750	0.38
296.69792	0.40
296.70833	0.37
296.71875	0.35
296.72917	0.30
296.73958	0.27
296.75000	0.26
296.76042	0.21
296.77083	0.19
296.78125	0.14
296.79167	0.10
296.80208	0.06
296.81250	0.02
296.82292	-0.01
296.83333	-0.06
296.84375	-0.10
296.85417	-0.14
296.86458	-0.18
296.87500	-0.22
296.88542	-0.25
296.89583	-0.29
296.90625	-0.33
296.91667	-0.36
296.92708	-0.40
296.93750	-0.43
296.94792	-0.46
296.95833	-0.48
296.96875	-0.50
296.97917	-0.52
296.98958	-0.53
297.00000	-0.52
297.01042	-0.50
297.02083	-0.48
297.03125	-0.47
297.04167	-0.42
297.05208	-0.36
297.06250	-0.30
297.07292	-0.26
297.08333	-0.22
297.09375	-0.16
297.10417	-0.11
297.11458	-0.07
297.12500	-0.05
297.13542	0.00
297.14583	0.04
297.15625	0.07
297.16667	0.10
297.17708	0.11
297.18750	0.13
297.19792	0.13
297.20833	0.14
297.21875	0.14
297.22917	0.11
297.23958	0.11
297.25000	0.09
297.26042	0.08
297.27083	0.05
297.28125	0.02
297.29167	0.00
297.30208	-0.03
297.31250	-0.05
297.32292	-0.09
297.33333	-0.12
297.34375	-0.14
297.35417	-0.17
297.36458	-0.19
297.37500	-0.22
297.38542	-0.25
297.39583	-0.27
297.40625	-0.30
297.41667	-0.31
297.42708	-0.34
297.43750	-0.34
297.44792	-0.35
297.45833	-0.34
297.46875	-0.33
297.47917	-0.31
297.48958	-0.29
297.50000	-0.24
297.51042	-0.20
297.52083	-0.17
297.53125	-0.14
297.54167	-0.09
297.55208	-0.04
297.56250	0.01
297.57292	0.04
297.58333	0.10
297.59375	0.15
297.60417	0.20
297.61458	0.24
297.62500	0.27
297.63542	0.32
297.64583	0.35
297.65625	0.38
297.66667	0.38
297.67708	0.41
297.68750	0.43
297.69792	0.44
297.70833	0.42
297.71875	0.42
297.72917	0.42
297.73958	0.41
297.75000	0.38
297.76042	0.35
297.77083	0.32
297.78125	0.30
297.79167	0.26
297.80208	0.22
297.81250	0.18
297.82292	0.13
297.83333	0.10
297.84375	0.05
297.85417	0.01
297.86458	-0.03
297.87500	-0.08
297.88542	-0.11
297.89583	-0.15
297.90625	-0.19
297.91667	-0.23
297.92708	-0.27
297.93750	-0.30
297.94792	-0.34
297.95833	-0.38
297.96875	-0.42
297.97917	-0.45
297.98958	-0.48
298.00000	-0.51
298.01042	-0.53
298.02083	-0.54
298.03125	-0.54
298.04167	-0.54
298.05208	-0.52
298.06250	-0.47
298.07292	-0.41
298.08333	-0.36
298.09375	-0.31
298.10417	-0.26
298.11458	-0.20
298.12500	-0.15
298.13542	-0.10
298.14583	-0.05
298.15625	0.00
298.16667	0.04
298.17708	0.09
298.18750	0.12
298.19792	0.16
298.20833	0.18
298.21875	0.20
298.22917	0.20
298.23958	0.21
298.25000	0.22
298.26042	0.21
298.27083	0.19
298.28125	0.16
298.29167	0.15
298.30208	0.12
298.31250	0.10
298.32292	0.06
298.33333	0.04
298.34375	0.01
298.35417	-0.02
298.36458	-0.06
298.37500	-0.10
298.38542	-0.14
298.39583	-0.16
298.40625	-0.20
298.41667	-0.24
298.42708	-0.27
298.43750	-0.31
298.44792	-0.33
298.45833	-0.36
298.46875	-0.38
298.47917	-0.41
298.48958	-0.42
298.50000	-0.41
298.51042	-0.41
298.52083	-0.37
298.53125	-0.33
298.54167	-0.29
298.55208	-0.25
298.56250	-0.21
298.57292	-0.16
298.58333	-0.11
298.59375	-0.05
298.60417	0.00
298.61458	0.05
298.62500	0.11
298.63542	0.17
298.64583	0.21
298.65625	0.25
298.66667	0.30
298.67708	0.33
298.68750	0.37
298.69792	0.38
298.70833	0.41
298.71875	0.40
298.72917	0.41
298.73958	0.41
298.75000	0.42
298.76042	0.40
298.77083	0.39
298.78125	0.37
298.79167	0.35
298.80208	0.32
298.81250	0.28
298.82292	0.24
298.83333	0.20
298.84375	0.16
298.85417	0.12
298.86458	0.08
298.87500	0.03
298.88542	-0.01
298.89583	-0.05
298.90625	-0.09
298.91667	-0.14
298.92708	-0.18
298.93750	-0.22
298.94792	-0.26
298.95833	-0.30
298.96875	-0.34
298.97917	-0.38
298.98958	-0.41
299.00000	-0.46
299.01042	-0.49
299.02083	-0.53
299.03125	-0.56
299.04167	-0.57
299.05208	-0.58
299.06250	-0.58
299.07292	-0.57
299.08333	-0.54
299.09375	-0.47
299.10417	-0.41
299.11458	-0.36
299.12500	-0.32
299.13542	-0.25
299.14583	-0.20
299.15625	-0.15
299.16667	-0.09
299.17708	-0.03
299.18750	0.04
299.19792	0.09
299.20833	0.12
299.21875	0.17
299.22917	0.22
299.23958	0.24
299.25000	0.25
299.26042	0.26
299.27083	0.27
299.28125	0.26
299.29167	0.26
299.30208	0.23
299.31250	0.20
299.32292	0.19
299.33333	0.17
299.34375	0.13
299.35417	0.10
299.36458	0.06
299.37500	0.02
299.38542	-0.02
299.39583	-0.05
299.40625	-0.10
299.41667	-0.13
299.42708	-0.18
299.43750	-0.21
299.44792	-0.25
299.45833	-0.29
299.46875	-0.33
299.47917	-0.36
299.48958	-0.39
299.50000	-0.43
299.51042	-0.46
299.52083	-0.49
299.53125	-0.49
299.54167	-0.50
299.55208	-0.51
299.56250	-0.49
299.57292	-0.47
299.58333	-0.43
299.59375	-0.38
299.60417	-0.33
299.61458	-0.29
299.62500	-0.22
299.63542	-0.17
299.64583	-0.11
299.65625	-0.06
299.66667	-0.01
299.67708	0.06
299.68750	0.12
299.69792	0.16
299.70833	0.20
299.71875	0.23
299.72917	0.27
299.73958	0.31
299.75000	0.32
299.76042	0.32
299.77083	0.34
299.78125	0.34
299.79167	0.34
299.80208	0.32
299.81250	0.29
299.82292	0.27
299.83333	0.25
299.84375	0.20
299.85417	0.17
299.86458	0.13
299.87500	0.08
299.88542	0.04
299.89583	0.00
299.90625	-0.04
299.91667	-0.09
299.92708	-0.13
299.93750	-0.17
299.94792	-0.22
299.95833	-0.26
299.96875	-0.30
299.97917	-0.34
299.98958	-0.38
300.00000	-0.42
300.01042	-0.47
300.02083	-0.51
300.03125	-0.55
300.04167	-0.58
300.05208	-0.62
300.06250	-0.64
300.07292	-0.65
300.08333	-0.64
300.09375	-0.61
300.10417	-0.59
300.11458	-0.52
300.12500	-0.46
300.13542	-0.41
300.14583	-0.35
300.15625	-0.29
300.16667	-0.23
300.17708	-0.16
300.18750	-0.10
300.19792	-0.04
300.20833	0.02
300.21875	0.09
300.22917	0.15
300.23958	0.19
300.25000	0.23
300.26042	0.27
300.27083	0.30
300.28125	0.31
300.29167	0.31
300.30208	0.31
300.31250	0.31
300.32292	0.32
300.33333	0.29
300.34375	0.27
300.35417	0.23
300.36458	0.22
300.37500	0.18
300.38542	0.14
300.39583	0.10
300.40625	0.06
300.41667	0.02
300.42708	-0.02
300.43750	-0.06
300.44792	-0.11
300.45833	-0.15
300.46875	-0.19
300.47917	-0.23
300.48958	-0.27
300.50000	-0.31
300.51042	-0.34
300.52083	-0.38
300.53125	-0.42
300.54167	-0.45
300.55208	-0.48
300.56250	-0.51
300.57292	-0.53
300.58333	-0.54
300.59375	-0.52
300.60417	-0.51
300.61458	-0.49
300.62500	-0.43
300.63542	-0.36
300.64583	-0.31
300.65625	-0.26
300.66667	-0.20
300.67708	-0.15
300.68750	-0.08
300.69792	-0.03
300.70833	0.03
300.71875	0.07
300.72917	0.15
300.73958	0.20
300.75000	0.23
300.76042	0.25
300.77083	0.29
300.78125	0.33
300.79167	0.32
300.80208	0.34
300.81250	0.33
300.82292	0.35
300.83333	0.32
300.84375	0.31
300.85417	0.27
300.86458	0.23
300.87500	0.23
300.88542	0.18
300.89583	0.14
300.90625	0.09
300.91667	0.05
300.92708	0.02
300.93750	-0.02
300.94792	-0.07
300.95833	-0.11
300.96875	-0.15
300.97917	-0.19
300.98958	-0.23
301.00000	-0.27
301.01042	-0.31
301.02083	-0.35
301.03125	-0.38
301.04167	-0.42
301.05208	-0.46
301.06250	-0.49
301.07292	-0.52
301.08333	-0.54
301.09375	-0.54
301.10417	-0.55
301.11458	-0.52
301.12500	-0.48
301.13542	-0.43
301.14583	-0.38
301.15625	-0.32
301.16667	-0.26
301.17708	-0.20
301.18750	-0.13
301.19792	-0.07
301.20833	0.01
301.21875	0.06
301.22917	0.15
301.23958	0.21
301.25000	0.25
301.26042	0.30
301.27083	0.34
301.28125	0.39
301.29167	0.40
301.30208	0.41
301.31250	0.45
301.32292	0.48
301.33333	0.47
301.34375	0.44
301.35417	0.44
301.36458	0.45
301.37500	0.42
301.38542	0.39
301.39583	0.35
301.40625	0.30
301.41667	0.26
301.42708	0.25
301.43750	0.20
301.44792	0.14
301.45833	0.11
301.46875	0.07
301.47917	0.03
301.48958	-0.01
301.50000	-0.05
301.51042	-0.09
301.52083	-0.12
301.53125	-0.16
301.54167	-0.20
301.55208	-0.22
301.56250	-0.26
301.57292	-0.29
301.58333	-0.32
301.59375	-0.35
301.60417	-0.37
301.61458	-0.39
301.62500	-0.41
301.63542	-0.43
301.64583	-0.41
301.65625	-0.39
301.66667	-0.37
301.67708	-0.35
301.68750	-0.27
301.69792	-0.19
301.70833	-0.16
301.71875	-0.13
301.72917	-0.04
301.73958	0.03
301.75000	0.05
301.76042	0.09
301.77083	0.14
301.78125	0.22
301.79167	0.22
301.80208	0.28
301.81250	0.29
301.82292	0.28
301.83333	0.33
301.84375	0.31
301.85417	0.31
301.86458	0.26
301.87500	0.26
301.88542	0.26
301.89583	0.19
301.90625	0.16
301.91667	0.11
301.92708	0.09
301.93750	0.04
301.94792	0.01
301.95833	-0.04
301.96875	-0.08
301.97917	-0.12
301.98958	-0.16
302.00000	-0.20
302.01042	-0.24
302.02083	-0.28
302.03125	-0.31
302.04167	-0.35
302.05208	-0.38
302.06250	-0.41
302.07292	-0.43
302.08333	-0.46
302.09375	-0.46
302.10417	-0.46
302.11458	-0.46
302.12500	-0.41
302.13542	-0.37
302.14583	-0.32
302.15625	-0.27
302.16667	-0.21
302.17708	-0.15
302.18750	-0.10
302.19792	-0.01
302.20833	0.06
302.21875	0.13
302.22917	0.19
302.23958	0.28
302.25000	0.34
302.26042	0.40
302.27083	0.46
302.28125	0.51
302.29167	0.56
302.30208	0.59
302.31250	0.63
302.32292	0.67
302.33333	0.69
302.34375	0.68
302.35417	0.72
302.36458	0.70
302.37500	0.69
302.38542	0.70
302.39583	0.69
302.40625	0.63
302.41667	0.61
302.42708	0.58
302.43750	0.53
302.44792	0.50
302.45833	0.45
302.46875	0.39
302.47917	0.36
302.48958	0.32
302.50000	0.28
302.51042	0.23
302.52083	0.20
302.53125	0.15
302.54167	0.12
302.55208	0.08
302.56250	0.03
302.57292	0.00
302.58333	-0.03
302.59375	-0.07
302.60417	-0.10
302.61458	-0.13
302.62500	-0.15
302.63542	-0.18
302.64583	-0.20
302.65625	-0.22
302.66667	-0.23
302.67708	-0.23
302.68750	-0.22
302.69792	-0.21
302.70833	-0.18
302.71875	-0.12
302.72917	-0.08
302.73958	-0.02
302.75000	0.01
302.76042	0.07
302.77083	0.10
302.78125	0.16
302.79167	0.19
302.80208	0.22
302.81250	0.25
302.82292	0.30
302.83333	0.32
302.84375	0.34
302.85417	0.34
302.86458	0.34
302.87500	0.32
302.88542	0.34
302.89583	0.32
302.90625	0.31
302.91667	0.28
302.92708	0.26
302.93750	0.23
302.94792	0.21
302.95833	0.17
302.96875	0.13
302.97917	0.10
302.98958	0.05
303.00000	0.02
303.01042	-0.02
303.02083	-0.06
303.03125	-0.10
303.04167	-0.14
303.05208	-0.16
303.06250	-0.20
303.07292	-0.23
303.08333	-0.26
303.09375	-0.29
303.10417	-0.32
303.11458	-0.34
303.12500	-0.35
303.13542	-0.36
303.14583	-0.36
303.15625	-0.35
303.16667	-0.33
303.17708	-0.27
303.18750	-0.23
303.19792	-0.20
303.20833	-0.15
303.21875	-0.09
303.22917	-0.02
303.23958	0.04
303.25000	0.11
303.26042	0.15
303.27083	0.21
303.28125	0.24
303.29167	0.32
303.30208	0.34
303.31250	0.39
303.32292	0.39
303.33333	0.42
303.34375	0.47
303.35417	0.48
303.36458	0.49
303.37500	0.47
303.38542	0.50
303.39583	0.51
303.40625	0.49
303.41667	0.48
303.42708	0.43
303.43750	0.42
303.44792	0.37
303.45833	0.32
303.46875	0.29
303.47917	0.26
303.48958	0.22
303.50000	0.17
303.51042	0.13
303.52083	0.09
303.53125	0.04
303.54167	0.00
303.55208	-0.04
303.56250	-0.08
303.57292	-0.12
303.58333	-0.15
303.59375	-0.20
303.60417	-0.23
303.61458	-0.27
303.62500	-0.30
303.63542	-0.34
303.64583	-0.37
303.65625	-0.40
303.66667	-0.43
303.67708	-0.45
303.68750	-0.46
303.69792	-0.48
303.70833	-0.48
303.71875	-0.48
303.72917	-0.45
303.73958	-0.40
303.75000	-0.36
303.76042	-0.30
303.77083	-0.27
303.78125	-0.21
303.79167	-0.17
303.80208	-0.11
303.81250	-0.08
303.82292	-0.02
303.83333	0.01
303.84375	0.03
303.85417	0.07
303.86458	0.09
303.87500	0.11
303.88542	0.12
303.89583	0.12
303.90625	0.12
303.91667	0.11
303.92708	0.10
303.93750	0.08
303.94792	0.05
303.95833	0.02
303.96875	0.00
303.97917	-0.03
303.98958	-0.07
304.00000	-0.10
304.01042	-0.15
304.02083	-0.18
304.03125	-0.21
304.04167	-0.25
304.05208	-0.29
304.06250	-0.32
304.07292	-0.35
304.08333	-0.39
304.09375	-0.42
304.10417	-0.45
304.11458	-0.47
304.12500	-0.49
304.13542	-0.52
304.14583	-0.52
304.15625	-0.53
304.16667	-0.51
304.17708	-0.48
304.18750	-0.45
304.19792	-0.41
304.20833	-0.36
304.21875	-0.31
304.22917	-0.26
304.23958	-0.21
304.25000	-0.15
304.26042	-0.10
304.27083	-0.04
304.28125	0.01
304.29167	0.07
304.30208	0.12
304.31250	0.18
304.32292	0.23
304.33333	0.26
304.34375	0.31
304.35417	0.34
304.36458	0.36
304.37500	0.39
304.38542	0.40
304.39583	0.41
304.40625	0.41
304.41667	0.40
304.42708	0.39
304.43750	0.37
304.44792	0.34
304.45833	0.31
304.46875	0.28
304.47917	0.23
304.48958	0.20
304.50000	0.16
304.51042	0.12
304.52083	0.08
304.53125	0.03
304.54167	-0.01
304.55208	-0.05
304.56250	-0.10
304.57292	-0.14
304.58333	-0.19
304.59375	-0.22
304.60417	-0.26
304.61458	-0.30
304.62500	-0.34
304.63542	-0.38
304.64583	-0.42
304.65625	-0.45
304.66667	-0.49
304.67708	-0.53
304.68750	-0.56
304.69792	-0.58
304.70833	-0.59
304.71875	-0.61
304.72917	-0.60
304.73958	-0.59
304.75000	-0.57
304.76042	-0.52
304.77083	-0.48
304.78125	-0.44
304.79167	-0.38
304.80208	-0.34
304.81250	-0.29
304.82292	-0.25
304.83333	-0.20
304.84375	-0.16
304.85417	-0.12
304.86458	-0.09
304.87500	-0.06
304.88542	-0.04
304.89583	-0.01
304.90625	0.01
304.91667	0.02
304.92708	0.02
304.93750	0.02
304.94792	0.02
304.95833	-0.01
304.96875	-0.03
304.97917	-0.06
304.98958	-0.08
305.00000	-0.11
305.01042	-0.14
305.02083	-0.18
305.03125	-0.22
305.04167	-0.25
305.05208	-0.29
305.06250	-0.32
305.07292	-0.36
305.08333	-0.39
305.09375	-0.43
305.10417	-0.47
305.11458	-0.50
305.12500	-0.53
305.13542	-0.55
305.14583	-0.57
305.15625	-0.59
305.16667	-0.58
305.17708	-0.59
305.18750	-0.56
305.19792	-0.54
305.20833	-0.51
305.21875	-0.47
305.22917	-0.43
305.23958	-0.38
305.25000	-0.34
305.26042	-0.29
305.27083	-0.24
305.28125	-0.19
305.29167	-0.13
305.30208	-0.08
305.31250	-0.03
305.32292	0.03
305.33333	0.09
305.34375	0.14
305.35417	0.18
305.36458	0.24
305.37500	0.26
305.38542	0.29
305.39583	0.32
305.40625	0.33
305.41667	0.34
305.42708	0.34
305.43750	0.34
305.44792	0.32
305.45833	0.31
305.46875	0.28
305.47917	0.25
305.48958	0.21
305.50000	0.20
305.51042	0.16
305.52083	0.11
305.53125	0.07
305.54167	0.03
305.55208	-0.01
305.56250	-0.05
305.57292	-0.10
305.58333	-0.14
305.59375	-0.18
305.60417	-0.23
305.61458	-0.27
305.62500	-0.31
305.63542	-0.35
305.64583	-0.39
305.65625	-0.43
305.66667	-0.47
305.67708	-0.51
305.68750	-0.55
305.69792	-0.59
305.70833	-0.61
305.71875	-0.64
305.72917	-0.66
305.73958	-0.66
305.75000	-0.65
305.76042	-0.63
305.77083	-0.62
305.78125	-0.59
305.79167	-0.52
305.80208	-0.48
305.81250	-0.44
305.82292	-0.40
305.83333	-0.36
305.84375	-0.32
305.85417	-0.27
305.86458	-0.23
305.87500	-0.20
305.88542	-0.16
305.89583	-0.12
305.90625	-0.10
305.91667	-0.07
305.92708	-0.05
305.93750	-0.03
305.94792	-0.03
305.95833	-0.02
305.96875	-0.03
305.97917	-0.05
305.98958	-0.06
306.00000	-0.08
306.01042	-0.11
306.02083	-0.14
306.03125	-0.16
306.04167	-0.20
306.05208	-0.22
306.06250	-0.25
306.07292	-0.28
306.08333	-0.32
306.09375	-0.34
306.10417	-0.37
306.11458	-0.40
306.12500	-0.43
306.13542	-0.46
306.14583	-0.47
306.15625	-0.49
306.16667	-0.50
306.17708	-0.52
306.18750	-0.51
306.19792	-0.50
306.20833	-0.46
306.21875	-0.45
306.22917	-0.42
306.23958	-0.38
306.25000	-0.34
306.26042	-0.31
306.27083	-0.26
306.28125	-0.22
306.29167	-0.16
306.30208	-0.12
306.31250	-0.07
306.32292	-0.01
306.33333	0.05
306.34375	0.10
306.35417	0.15
306.36458	0.20
306.37500	0.25
306.38542	0.28
306.39583	0.32
306.40625	0.35
306.41667	0.37
306.42708	0.39
306.43750	0.40
306.44792	0.41
306.45833	0.41
306.46875	0.41
306.47917	0.40
306.48958	0.39
306.50000	0.37
306.51042	0.34
306.52083	0.31
306.53125	0.27
306.54167	0.24
306.55208	0.20
306.56250	0.17
306.57292	0.13
306.58333	0.09
306.59375	0.04
306.60417	-0.01
306.61458	-0.04
306.62500	-0.08
306.63542	-0.12
306.64583	-0.15
306.65625	-0.19
306.66667	-0.22
306.67708	-0.26
306.68750	-0.29
306.69792	-0.33
306.70833	-0.36
306.71875	-0.39
306.72917	-0.43
306.73958	-0.46
306.75000	-0.48
306.76042	-0.50
306.77083	-0.52
306.78125	-0.50
306.79167	-0.52
306.80208	-0.52
306.81250	-0.46
306.82292	-0.43
306.83333	-0.39
306.84375	-0.37
306.85417	-0.32
306.86458	-0.27
306.87500	-0.22
306.88542	-0.20
306.89583	-0.16
306.90625	-0.12
306.91667	-0.09
306.92708	-0.07
306.93750	-0.04
306.94792	0.00
306.95833	0.01
306.96875	0.01
306.97917	0.04
306.98958	0.04
307.00000	0.04
307.01042	0.02
307.02083	0.01
307.03125	0.00
307.04167	-0.02
307.05208	-0.05
307.06250	-0.06
307.07292	-0.08
307.08333	-0.12
307.09375	-0.11
307.10417	-0.15
307.11458	-0.17
307.12500	-0.19
307.13542	-0.22
307.14583	-0.22
307.15625	-0.26
307.16667	-0.25
307.17708	-0.30
307.18750	-0.29
307.19792	-0.29
307.20833	-0.28
307.21875	-0.29
307.22917	-0.30
307.23958	-0.24
307.25000	-0.23
307.26042	-0.20
307.27083	-0.18
307.28125	-0.16
307.29167	-0.10
307.30208	-0.06
307.31250	-0.01
307.32292	0.02
307.33333	0.06
307.34375	0.12
307.35417	0.17
307.36458	0.21
307.37500	0.24
307.38542	0.29
307.39583	0.33
307.40625	0.36
307.41667	0.39
307.42708	0.41
307.43750	0.44
307.44792	0.48
307.45833	0.47
307.46875	0.49
307.47917	0.49
307.48958	0.52
307.50000	0.52
307.51042	0.48
307.52083	0.46
307.53125	0.47
307.54167	0.46
307.55208	0.40
307.56250	0.36
307.57292	0.32
307.58333	0.30
307.59375	0.27
307.60417	0.23
307.61458	0.18
307.62500	0.14
307.63542	0.13
307.64583	0.09
307.65625	0.04
307.66667	0.01
307.67708	-0.03
307.68750	-0.05
307.69792	-0.09
307.70833	-0.12
307.71875	-0.16
307.72917	-0.20
307.73958	-0.21
307.75000	-0.23
307.76042	-0.28
307.77083	-0.30
307.78125	-0.29
307.79167	-0.32
307.80208	-0.33
307.81250	-0.36
307.82292	-0.33
307.83333	-0.31
307.84375	-0.33
307.85417	-0.30
307.86458	-0.28
307.87500	-0.23
307.88542	-0.19
307.89583	-0.19
307.90625	-0.14
307.91667	-0.11
307.92708	-0.05
307.93750	-0.07
307.94792	0.02
307.95833	0.00
307.96875	0.04
307.97917	0.07
307.98958	0.07
308.00000	0.03
308.01042	0.08
308.02083	0.11
308.03125	0.10
308.04167	0.05
308.05208	0.05
308.06250	0.05
308.07292	0.03
308.08333	0.06
308.09375	0.01
308.10417	-0.04
308.11458	-0.02
308.12500	-0.04
308.13542	-0.08
308.14583	-0.09
308.15625	-0.11
308.16667	-0.12
308.17708	-0.15
308.18750	-0.14
308.19792	-0.17
308.20833	-0.18
308.21875	-0.20
308.22917	-0.19
308.23958	-0.20
308.25000	-0.19
308.26042	-0.18
308.27083	-0.17
308.28125	-0.14
308.29167	-0.11
308.30208	-0.11
308.31250	-0.06
308.32292	-0.03
308.33333	0.00
308.34375	0.05
308.35417	0.08
308.36458	0.12
308.37500	0.15
308.38542	0.18
308.39583	0.24
308.40625	0.27
308.41667	0.29
308.42708	0.32
308.43750	0.37
308.44792	0.39
308.45833	0.41
308.46875	0.42
308.47917	0.43
308.48958	0.49
308.50000	0.47
308.51042	0.48
308.52083	0.46
308.53125	0.48
308.54167	0.46
308.55208	0.47
308.56250	0.43
308.57292	0.38
308.58333	0.38
308.59375	0.36
308.60417	0.33
308.61458	0.28
308.62500	0.24
308.63542	0.22
308.64583	0.18
308.65625	0.16
308.66667	0.12
308.67708	0.09
308.68750	0.05
308.69792	0.02
308.70833	-0.01
308.71875	-0.05
308.72917	-0.08
308.73958	-0.10
308.75000	-0.13
308.76042	-0.16
308.77083	-0.19
308.78125	-0.20
308.79167	-0.23
308.80208	-0.25
308.81250	-0.26
308.82292	-0.27
308.83333	-0.26
308.84375	-0.26
308.85417	-0.27
308.86458	-0.26
308.87500	-0.19
308.88542	-0.17
308.89583	-0.16
308.90625	-0.13
308.91667	-0.08
308.92708	-0.05
308.93750	-0.03
308.94792	0.01
308.95833	0.04
308.96875	0.07
308.97917	0.10
308.98958	0.13
309.00000	0.14
309.01042	0.16
309.02083	0.18
309.03125	0.19
309.04167	0.20
309.05208	0.19
309.06250	0.19
309.07292	0.20
309.08333	0.21
309.09375	0.18
309.10417	0.18
309.11458	0.16
309.12500	0.17
309.13542	0.15
309.14583	0.11
309.15625	0.10
309.16667	0.08
309.17708	0.07
309.18750	0.05
309.19792	0.03
309.20833	0.01
309.21875	0.00
309.22917	-0.02
309.23958	-0.05
309.25000	-0.05
309.26042	-0.06
309.27083	-0.08
309.28125	-0.09
309.29167	-0.09
309.30208	-0.09
309.31250	-0.09
309.32292	-0.08
309.33333	-0.06
309.34375	-0.04
309.35417	-0.01
309.36458	0.01
309.37500	0.03
309.38542	0.06
309.39583	0.09
309.40625	0.11
309.41667	0.15
309.42708	0.18
309.43750	0.20
309.44792	0.23
309.45833	0.26
309.46875	0.28
309.47917	0.32
309.48958	0.32
309.50000	0.35
309.51042	0.37
309.52083	0.38
309.53125	0.38
309.54167	0.38
309.55208	0.39
309.56250	0.40
309.57292	0.38
309.58333	0.34
309.59375	0.33
309.60417	0.33
309.61458	0.31
309.62500	0.28
309.63542	0.24
309.64583	0.23
309.65625	0.20
309.66667	0.17
309.67708	0.13
309.68750	0.10
309.69792	0.07
309.70833	0.04
309.71875	0.01
309.72917	-0.03
309.73958	-0.07
309.75000	-0.09
309.76042	-0.13
309.77083	-0.16
309.78125	-0.19
309.79167	-0.22
309.80208	-0.24
309.81250	-0.27
309.82292	-0.29
309.83333	-0.32
309.84375	-0.33
309.85417	-0.34
309.86458	-0.37
309.87500	-0.35
309.88542	-0.39
309.89583	-0.34
309.90625	-0.34
309.91667	-0.32
309.92708	-0.30
309.93750	-0.28
309.94792	-0.25
309.95833	-0.21
309.96875	-0.17
309.97917	-0.15
309.98958	-0.10
310.00000	-0.12
310.01042	-0.05
310.02083	-0.06
310.03125	0.01
310.04167	0.01
310.05208	0.05
310.06250	0.03
310.07292	0.07
310.08333	0.10
310.09375	0.07
310.10417	0.11
310.11458	0.07
310.12500	0.10
310.13542	0.09
310.14583	0.08
310.15625	0.08
310.16667	0.04
310.17708	0.07
310.18750	0.04
310.19792	0.04
310.20833	0.01
310.21875	0.01
310.22917	0.00
310.23958	-0.03
310.25000	-0.04
310.26042	-0.08
310.27083	-0.05
310.28125	-0.08
310.29167	-0.08
310.30208	-0.10
310.31250	-0.10
310.32292	-0.09
310.33333	-0.10
310.34375	-0.09
310.35417	-0.09
310.36458	-0.03
310.37500	-0.04
310.38542	0.01
310.39583	0.02
310.40625	0.02
310.41667	0.07
310.42708	0.07
310.43750	0.12
310.44792	0.13
310.45833	0.16
310.46875	0.20
310.47917	0.22
310.48958	0.25
310.50000	0.27
310.51042	0.31
310.52083	0.33
310.53125	0.33
310.54167	0.36
310.55208	0.36
310.56250	0.41
310.57292	0.39
310.58333	0.38
310.59375	0.40
310.60417	0.42
310.61458	0.43
310.62500	0.39
310.63542	0.34
310.64583	0.38
310.65625	0.33
310.66667	0.31
310.67708	0.27
310.68750	0.25
310.69792	0.21
310.70833	0.19
310.71875	0.15
310.72917	0.12
310.73958	0.08
310.75000	0.05
310.76042	0.02
310.77083	-0.02
310.78125	-0.05
310.79167	-0.08
310.80208	-0.11
310.81250	-0.15
310.82292	-0.18
310.83333	-0.21
310.84375	-0.24
310.85417	-0.26
310.86458	-0.29
310.87500	-0.32
310.88542	-0.34
310.89583	-0.35
310.90625	-0.38
310.91667	-0.39
310.92708	-0.39
310.93750	-0.39
310.94792	-0.38
310.95833	-0.38
310.96875	-0.35
310.97917	-0.32
310.98958	-0.28
311.00000	-0.25
311.01042	-0.22
311.02083	-0.20
311.03125	-0.15
311.04167	-0.13
311.05208	-0.10
311.06250	-0.08
311.07292	-0.04
311.08333	-0.02
311.09375	0.01
311.10417	0.02
311.11458	0.04
311.12500	0.06
311.13542	0.05
311.14583	0.07
311.15625	0.06
311.16667	0.07
311.17708	0.06
311.18750	0.05
311.19792	0.05
311.20833	0.03
311.21875	0.01
311.22917	0.00
311.23958	-0.03
311.25000	-0.04
311.26042	-0.05
311.27083	-0.08
311.28125	-0.10
311.29167	-0.12
311.30208	-0.14
311.31250	-0.16
311.32292	-0.18
311.33333	-0.19
311.34375	-0.19
311.35417	-0.21
311.36458	-0.22
311.37500	-0.22
311.38542	-0.22
311.39583	-0.22
311.40625	-0.20
311.41667	-0.19
311.42708	-0.17
311.43750	-0.15
311.44792	-0.13
311.45833	-0.09
311.46875	-0.07
311.47917	-0.03
311.48958	0.00
311.50000	0.03
311.51042	0.07
311.52083	0.11
311.53125	0.12
311.54167	0.16
311.55208	0.19
311.56250	0.21
311.57292	0.23
311.58333	0.26
311.59375	0.27
311.60417	0.29
311.61458	0.29
311.62500	0.30
311.63542	0.31
311.64583	0.31
311.65625	0.31
311.66667	0.29
311.67708	0.27
311.68750	0.27
311.69792	0.25
311.70833	0.21
311.71875	0.18
311.72917	0.17
311.73958	0.14
311.75000	0.11
311.76042	0.06
311.77083	0.04
311.78125	-0.01
311.79167	-0.04
311.80208	-0.07
311.81250	-0.11
311.82292	-0.15
311.83333	-0.18
311.84375	-0.22
311.85417	-0.25
311.86458	-0.29
311.87500	-0.32
311.88542	-0.35
311.89583	-0.38
311.90625	-0.41
311.91667	-0.44
311.92708	-0.46
311.93750	-0.48
311.94792	-0.49
311.95833	-0.50
311.96875	-0.50
311.97917	-0.48
311.98958	-0.47
312.00000	-0.45
312.01042	-0.42
312.02083	-0.38
312.03125	-0.34
312.04167	-0.30
312.05208	-0.26
312.06250	-0.22
312.07292	-0.17
312.08333	-0.14
312.09375	-0.11
312.10417	-0.06
312.11458	-0.03
312.12500	0.00
312.13542	0.03
312.14583	0.06
312.15625	0.07
312.16667	0.09
312.17708	0.09
312.18750	0.10
312.19792	0.11
312.20833	0.10
312.21875	0.09
312.22917	0.05
312.23958	0.05
312.25000	0.02
312.26042	0.01
312.27083	-0.02
312.28125	-0.05
312.29167	-0.07
312.30208	-0.10
312.31250	-0.11
312.32292	-0.14
312.33333	-0.17
312.34375	-0.19
312.35417	-0.21
312.36458	-0.24
312.37500	-0.26
312.38542	-0.28
312.39583	-0.29
312.40625	-0.31
312.41667	-0.32
312.42708	-0.32
312.43750	-0.32
312.44792	-0.31
312.45833	-0.29
312.46875	-0.28
312.47917	-0.26
312.48958	-0.23
312.50000	-0.20
312.51042	-0.17
312.52083	-0.14
312.53125	-0.11
312.54167	-0.06
312.55208	-0.03
312.56250	0.01
312.57292	0.04
312.58333	0.08
312.59375	0.11
312.60417	0.14
312.61458	0.16
312.62500	0.19
312.63542	0.23
312.64583	0.24
312.65625	0.24
312.66667	0.25
312.67708	0.26
312.68750	0.25
312.69792	0.25
312.70833	0.22
312.71875	0.22
312.72917	0.19
312.73958	0.16
312.75000	0.13
312.76042	0.11
312.77083	0.08
312.78125	0.04
312.79167	0.01
312.80208	-0.03
312.81250	-0.07
312.82292	-0.11
312.83333	-0.15
312.84375	-0.19
312.85417	-0.23
312.86458	-0.27
312.87500	-0.30
312.88542	-0.35
312.89583	-0.39
312.90625	-0.42
312.91667	-0.47
312.92708	-0.50
312.93750	-0.54
312.94792	-0.57
312.95833	-0.60
312.96875	-0.61
312.97917	-0.62
312.98958	-0.62
313.00000	-0.60
313.01042	-0.59
313.02083	-0.55
313.03125	-0.51
313.04167	-0.46
313.05208	-0.42
313.06250	-0.37
313.07292	-0.33
313.08333	-0.28
313.09375	-0.23
313.10417	-0.19
313.11458	-0.15
313.12500	-0.10
313.13542	-0.06
313.14583	-0.02
313.15625	0.01
313.16667	0.05
313.17708	0.08
313.18750	0.10
313.19792	0.11
313.20833	0.13
313.21875	0.13
313.22917	0.13
313.23958	0.13
313.25000	0.11
313.26042	0.09
313.27083	0.07
313.28125	0.04
313.29167	0.01
313.30208	-0.02
313.31250	-0.04
313.32292	-0.07
313.33333	-0.10
313.34375	-0.13
313.35417	-0.16
313.36458	-0.19
313.37500	-0.22
313.38542	-0.26
313.39583	-0.29
313.40625	-0.31
313.41667	-0.34
313.42708	-0.36
313.43750	-0.39
313.44792	-0.40
313.45833	-0.40
313.46875	-0.42
313.47917	-0.42
313.48958	-0.41
313.50000	-0.38
313.51042	-0.35
313.52083	-0.33
313.53125	-0.30
313.54167	-0.26
313.55208	-0.21
313.56250	-0.18
313.57292	-0.14
313.58333	-0.10
313.59375	-0.06
313.60417	-0.01
313.61458	0.03
313.62500	0.07
313.63542	0.11
313.64583	0.15
313.65625	0.19
313.66667	0.22
313.67708	0.23
313.68750	0.25
313.69792	0.26
313.70833	0.26
313.71875	0.27
313.72917	0.25
313.73958	0.25
313.75000	0.23
313.76042	0.21
313.77083	0.19
313.78125	0.15
313.79167	0.11
313.80208	0.08
313.81250	0.05
313.82292	0.01
313.83333	-0.03
313.84375	-0.08
313.85417	-0.12
313.86458	-0.16
313.87500	-0.21
313.88542	-0.25
313.89583	-0.29
313.90625	-0.33
313.91667	-0.37
313.92708	-0.41
313.93750	-0.46
313.94792	-0.50
313.95833	-0.54
313.96875	-0.58
313.97917	-0.61
313.98958	-0.64
314.00000	-0.65
314.01042	-0.66
314.02083	-0.66
314.03125	-0.64
314.04167	-0.62
314.05208	-0.57
314.06250	-0.54
314.07292	-0.47
314.08333	-0.43
314.09375	-0.37
314.10417	-0.33
314.11458	-0.27
314.12500	-0.22
314.13542	-0.17
314.14583	-0.11
314.15625	-0.07
314.16667	-0.02
314.17708	0.03
314.18750	0.08
314.19792	0.11
314.20833	0.14
314.21875	0.16
314.22917	0.18
314.23958	0.19
314.25000	0.19
314.26042	0.18
314.27083	0.19
314.28125	0.16
314.29167	0.14
314.30208	0.11
314.31250	0.08
314.32292	0.05
314.33333	0.01
314.34375	-0.02
314.35417	-0.06
314.36458	-0.09
314.37500	-0.13
314.38542	-0.17
314.39583	-0.21
314.40625	-0.24
314.41667	-0.28
314.42708	-0.32
314.43750	-0.35
314.44792	-0.39
314.45833	-0.43
314.46875	-0.46
314.47917	-0.49
314.48958	-0.51
314.50000	-0.53
314.51042	-0.54
314.52083	-0.54
314.53125	-0.53
314.54167	-0.51
314.55208	-0.49
314.56250	-0.45
314.57292	-0.40
314.58333	-0.35
314.59375	-0.30
314.60417	-0.26
314.61458	-0.21
314.62500	-0.16
314.63542	-0.10
314.64583	-0.05
314.65625	0.00
314.66667	0.05
314.67708	0.10
314.68750	0.13
314.69792	0.16
314.70833	0.19
314.71875	0.22
314.72917	0.24
314.73958	0.23
314.75000	0.24
314.76042	0.24
314.77083	0.22
314.78125	0.21
314.79167	0.19
314.80208	0.15
314.81250	0.11
314.82292	0.07
314.83333	0.04
314.84375	0.00
314.85417	-0.04
314.86458	-0.08
314.87500	-0.13
314.88542	-0.17
314.89583	-0.22
314.90625	-0.26
314.91667	-0.30
314.92708	-0.35
314.93750	-0.40
314.94792	-0.44
314.95833	-0.48
314.96875	-0.53
314.97917	-0.58
314.98958	-0.63
315.00000	-0.65
315.01042	-0.69
315.02083	-0.71
315.03125	-0.73
315.04167	-0.71
315.05208	-0.69
315.06250	-0.64
315.07292	-0.61
315.08333	-0.59
315.09375	-0.51
315.10417	-0.45
315.11458	-0.39
315.12500	-0.34
315.13542	-0.29
315.14583	-0.22
315.15625	-0.16
315.16667	-0.10
315.17708	-0.05
315.18750	0.01
315.19792	0.07
315.20833	0.13
315.21875	0.17
315.22917	0.20
315.23958	0.23
315.25000	0.27
315.26042	0.27
315.27083	0.27
315.28125	0.27
315.29167	0.28
315.30208	0.26
315.31250	0.21
315.32292	0.19
315.33333	0.16
315.34375	0.14
315.35417	0.10
315.36458	0.05
315.37500	0.02
315.38542	-0.02
315.39583	-0.06
315.40625	-0.11
315.41667	-0.15
315.42708	-0.19
315.43750	-0.23
315.44792	-0.28
315.45833	-0.32
315.46875	-0.36
315.47917	-0.40
315.48958	-0.44
315.50000	-0.49
315.51042	-0.53
315.52083	-0.57
315.53125	-0.59
315.54167	-0.61
315.55208	-0.63
315.56250	-0.62
315.57292	-0.60
315.58333	-0.56
315.59375	-0.53
315.60417	-0.48
315.61458	-0.43
315.62500	-0.37
315.63542	-0.33
315.64583	-0.28
315.65625	-0.22
315.66667	-0.16
315.67708	-0.11
315.68750	-0.06
315.69792	0.00
315.70833	0.06
315.71875	0.10
315.72917	0.13
315.73958	0.17
315.75000	0.19
315.76042	0.22
315.77083	0.22
315.78125	0.21
315.79167	0.22
315.80208	0.22
315.81250	0.19
315.82292	0.15
315.83333	0.12
315.84375	0.07
315.85417	0.06
315.86458	0.01
315.87500	-0.04
315.88542	-0.08
315.89583	-0.13
315.90625	-0.17
315.91667	-0.22
315.92708	-0.26
315.93750	-0.31
315.94792	-0.35
315.95833	-0.40
315.96875	-0.45
315.97917	-0.50
315.98958	-0.55
