274.00000	0.25
274.01042	0.23
274.02083	0.21
274.03125	0.19
274.04167	0.17
274.05208	0.15
274.06250	0.13
274.07292	0.11
274.08333	0.10
274.09375	0.08
274.10417	0.07
274.11458	0.05
274.12500	0.04
274.13542	0.03
274.14583	0.01
274.15625	0.00
274.16667	-0.01
274.17708	-0.02
274.18750	-0.03
274.19792	-0.04
274.20833	-0.04
274.21875	-0.05
274.22917	-0.06
274.23958	-0.07
274.25000	-0.07
274.26042	-0.08
274.27083	-0.08
274.28125	-0.08
274.29167	-0.08
274.30208	-0.08
274.31250	-0.07
274.32292	-0.05
274.33333	-0.03
274.34375	0.01
274.35417	0.04
274.36458	0.08
274.37500	0.12
274.38542	0.17
274.39583	0.21
274.40625	0.24
274.41667	0.28
274.42708	0.31
274.43750	0.33
274.44792	0.34
274.45833	0.35
274.46875	0.34
274.47917	0.33
274.48958	0.30
274.50000	0.28
274.51042	0.26
274.52083	0.24
274.53125	0.22
274.54167	0.20
274.55208	0.18
274.56250	0.16
274.57292	0.14
274.58333	0.13
274.59375	0.11
274.60417	0.10
274.61458	0.08
274.62500	0.07
274.63542	0.05
274.64583	0.04
274.65625	0.03
274.66667	0.02
274.67708	0.01
274.68750	0.00
274.69792	-0.01
274.70833	-0.02
274.71875	-0.03
274.72917	-0.04
274.73958	-0.05
274.75000	-0.05
274.76042	-0.06
274.77083	-0.07
274.78125	-0.07
274.79167	-0.08
274.80208	-0.08
274.81250	-0.08
274.82292	-0.08
274.83333	-0.07
274.84375	-0.06
274.85417	-0.04
274.86458	-0.02
274.87500	0.01
274.88542	0.03
274.89583	0.06
274.90625	0.09
274.91667	0.12
274.92708	0.15
274.93750	0.18
274.94792	0.20
274.95833	0.21
274.96875	0.22
274.97917	0.21
274.98958	0.20
275.00000	0.19
275.01042	0.17
275.02083	0.16
275.03125	0.14
275.04167	0.13
275.05208	0.11
275.06250	0.09
275.07292	0.08
275.08333	0.07
275.09375	0.05
275.10417	0.04
275.11458	0.03
275.12500	0.02
275.13542	0.00
275.14583	-0.01
275.15625	-0.02
275.16667	-0.03
275.17708	-0.04
275.18750	-0.04
275.19792	-0.05
275.20833	-0.06
275.21875	-0.07
275.22917	-0.07
275.23958	-0.08
275.25000	-0.09
275.26042	-0.09
275.27083	-0.10
275.28125	-0.10
275.29167	-0.11
275.30208	-0.11
275.31250	-0.10
275.32292	-0.10
275.33333	-0.09
275.34375	-0.07
275.35417	-0.05
275.36458	-0.02
275.37500	0.02
275.38542	0.06
275.39583	0.10
275.40625	0.14
275.41667	0.19
275.42708	0.23
275.43750	0.27
275.44792	0.30
275.45833	0.32
275.46875	0.34
275.47917	0.36
275.48958	0.36
275.50000	0.34
275.51042	0.32
275.52083	0.30
275.53125	0.28
275.54167	0.26
275.55208	0.24
275.56250	0.22
275.57292	0.20
275.58333	0.18
275.59375	0.16
275.60417	0.14
275.61458	0.13
275.62500	0.11
275.63542	0.09
275.64583	0.08
275.65625	0.06
275.66667	0.05
275.67708	0.03
275.68750	0.02
275.69792	0.01
275.70833	0.00
275.71875	-0.01
275.72917	-0.02
275.73958	-0.03
275.75000	-0.04
275.76042	-0.05
275.77083	-0.05
275.78125	-0.06
275.79167	-0.07
275.80208	-0.07
275.81250	-0.08
275.82292	-0.08
275.83333	-0.09
275.84375	-0.09
275.85417	-0.08
275.86458	-0.08
275.87500	-0.06
275.88542	-0.05
275.89583	-0.03
275.90625	-0.01
275.91667	0.02
275.92708	0.04
275.93750	0.07
275.94792	0.09
275.95833	0.11
275.96875	0.14
275.97917	0.15
275.98958	0.16
276.00000	0.18
276.01042	0.18
276.02083	0.17
276.03125	0.16
276.04167	0.15
276.05208	0.14
276.06250	0.12
276.07292	0.11
276.08333	0.10
276.09375	0.08
276.10417	0.07
276.11458	0.06
276.12500	0.05
276.13542	0.04
276.14583	0.03
276.15625	0.02
276.16667	0.01
276.17708	-0.01
276.18750	-0.02
276.19792	-0.03
276.20833	-0.04
276.21875	-0.04
276.22917	-0.05
276.23958	-0.06
276.25000	-0.06
276.26042	-0.07
276.27083	-0.08
276.28125	-0.08
276.29167	-0.09
276.30208	-0.09
276.31250	-0.09
276.32292	-0.09
276.33333	-0.09
276.34375	-0.08
276.35417	-0.07
276.36458	-0.05
276.37500	-0.03
276.38542	0.01
276.39583	0.04
276.40625	0.07
276.41667	0.11
276.42708	0.15
276.43750	0.19
276.44792	0.23
276.45833	0.27
276.46875	0.30
276.47917	0.32
276.48958	0.34
276.50000	0.36
276.51042	0.35
276.52083	0.35
276.53125	0.34
276.54167	0.32
276.55208	0.30
276.56250	0.28
276.57292	0.26
276.58333	0.25
276.59375	0.22
276.60417	0.21
276.61458	0.19
276.62500	0.16
276.63542	0.15
276.64583	0.13
276.65625	0.11
276.66667	0.10
276.67708	0.08
276.68750	0.07
276.69792	0.05
276.70833	0.04
276.71875	0.03
276.72917	0.02
276.73958	0.01
276.75000	-0.01
276.76042	-0.02
276.77083	-0.03
276.78125	-0.03
276.79167	-0.04
276.80208	-0.05
276.81250	-0.06
276.82292	-0.06
276.83333	-0.07
276.84375	-0.08
276.85417	-0.08
276.86458	-0.09
276.87500	-0.09
276.88542	-0.09
276.89583	-0.09
276.90625	-0.08
276.91667	-0.08
276.92708	-0.07
276.93750	-0.06
276.94792	-0.04
276.95833	-0.03
276.96875	-0.01
276.97917	0.01
276.98958	0.02
277.00000	0.04
277.01042	0.05
277.02083	0.06
277.03125	0.06
277.04167	0.07
277.05208	0.06
277.06250	0.06
277.07292	0.05
277.08333	0.04
277.09375	0.03
277.10417	0.03
277.11458	0.02
277.12500	0.01
277.13542	0.00
277.14583	-0.01
277.15625	-0.02
277.16667	-0.03
277.17708	-0.04
277.18750	-0.04
277.19792	-0.05
277.20833	-0.06
277.21875	-0.07
277.22917	-0.07
277.23958	-0.08
277.25000	-0.08
277.26042	-0.09
277.27083	-0.10
277.28125	-0.10
277.29167	-0.11
277.30208	-0.11
277.31250	-0.11
277.32292	-0.12
277.33333	-0.12
277.34375	-0.11
277.35417	-0.11
277.36458	-0.10
277.37500	-0.08
277.38542	-0.06
277.39583	-0.04
277.40625	-0.01
277.41667	0.03
277.42708	0.07
277.43750	0.11
277.44792	0.15
277.45833	0.19
277.46875	0.23
277.47917	0.26
277.48958	0.30
277.50000	0.33
277.51042	0.35
277.52083	0.37
277.53125	0.38
277.54167	0.38
277.55208	0.38
277.56250	0.37
277.57292	0.35
277.58333	0.33
277.59375	0.32
277.60417	0.29
277.61458	0.27
277.62500	0.25
277.63542	0.23
277.64583	0.22
277.65625	0.20
277.66667	0.18
277.67708	0.16
277.68750	0.14
277.69792	0.13
277.70833	0.11
277.71875	0.10
277.72917	0.08
277.73958	0.07
277.75000	0.05
277.76042	0.04
277.77083	0.03
277.78125	0.02
277.79167	0.01
277.80208	0.00
277.81250	-0.01
277.82292	-0.02
277.83333	-0.03
277.84375	-0.04
277.85417	-0.04
277.86458	-0.05
277.87500	-0.06
277.88542	-0.06
277.89583	-0.07
277.90625	-0.07
277.91667	-0.07
277.92708	-0.07
277.93750	-0.06
277.94792	-0.06
277.95833	-0.05
277.96875	-0.04
277.97917	-0.03
277.98958	-0.02
278.00000	-0.01
278.01042	0.01
278.02083	0.02
278.03125	0.04
278.04167	0.04
278.05208	0.05
278.06250	0.06
278.07292	0.06
278.08333	0.05
278.09375	0.05
278.10417	0.04
278.11458	0.03
278.12500	0.03
278.13542	0.02
278.14583	0.01
278.15625	0.00
278.16667	-0.01
278.17708	-0.02
278.18750	-0.02
278.19792	-0.03
278.20833	-0.04
278.21875	-0.05
278.22917	-0.05
278.23958	-0.06
278.25000	-0.07
278.26042	-0.07
278.27083	-0.08
278.28125	-0.08
278.29167	-0.09
278.30208	-0.10
278.31250	-0.10
278.32292	-0.10
278.33333	-0.11
278.34375	-0.11
278.35417	-0.11
278.36458	-0.11
278.37500	-0.10
278.38542	-0.09
278.39583	-0.08
278.40625	-0.07
278.41667	-0.05
278.42708	-0.02
278.43750	0.01
278.44792	0.04
278.45833	0.07
278.46875	0.11
278.47917	0.14
278.48958	0.17
278.50000	0.21
278.51042	0.24
278.52083	0.27
278.53125	0.30
278.54167	0.32
278.55208	0.34
278.56250	0.34
278.57292	0.34
278.58333	0.33
278.59375	0.32
278.60417	0.31
278.61458	0.29
278.62500	0.28
278.63542	0.26
278.64583	0.25
278.65625	0.23
278.66667	0.21
278.67708	0.19
278.68750	0.17
278.69792	0.16
278.70833	0.14
278.71875	0.12
278.72917	0.11
278.73958	0.09
278.75000	0.08
278.76042	0.07
278.77083	0.05
278.78125	0.04
278.79167	0.03
278.80208	0.02
278.81250	0.01
278.82292	0.00
278.83333	-0.01
278.84375	-0.02
278.85417	-0.03
278.86458	-0.04
278.87500	-0.04
278.88542	-0.05
278.89583	-0.06
278.90625	-0.06
278.91667	-0.07
278.92708	-0.08
278.93750	-0.08
278.94792	-0.08
278.95833	-0.08
278.96875	-0.08
278.97917	-0.08
278.98958	-0.08
279.00000	-0.07
279.01042	-0.07
279.02083	-0.06
279.03125	-0.05
279.04167	-0.04
279.05208	-0.04
279.06250	-0.03
279.07292	-0.02
279.08333	-0.02
279.09375	-0.01
279.10417	-0.01
279.11458	-0.01
279.12500	-0.01
279.13542	-0.02
279.14583	-0.02
279.15625	-0.03
279.16667	-0.03
279.17708	-0.04
279.18750	-0.04
279.19792	-0.05
279.20833	-0.05
279.21875	-0.06
279.22917	-0.06
279.23958	-0.07
279.25000	-0.07
279.26042	-0.08
279.27083	-0.08
279.28125	-0.09
279.29167	-0.09
279.30208	-0.10
279.31250	-0.10
279.32292	-0.11
279.33333	-0.11
279.34375	-0.11
279.35417	-0.11
279.36458	-0.11
279.37500	-0.11
279.38542	-0.11
279.39583	-0.10
279.40625	-0.09
279.41667	-0.08
279.42708	-0.07
279.43750	-0.05
279.44792	-0.02
279.45833	0.01
279.46875	0.03
279.47917	0.07
279.48958	0.10
279.50000	0.13
279.51042	0.17
279.52083	0.20
279.53125	0.23
279.54167	0.26
279.55208	0.29
279.56250	0.31
279.57292	0.33
279.58333	0.35
279.59375	0.34
279.60417	0.34
279.61458	0.33
279.62500	0.32
279.63542	0.31
279.64583	0.28
279.65625	0.27
279.66667	0.25
279.67708	0.23
279.68750	0.21
279.69792	0.20
279.70833	0.18
279.71875	0.16
279.72917	0.15
279.73958	0.13
279.75000	0.12
279.76042	0.10
279.77083	0.09
279.78125	0.07
279.79167	0.06
279.80208	0.05
279.81250	0.04
279.82292	0.02
279.83333	0.01
279.84375	0.00
279.85417	-0.01
279.86458	-0.02
279.87500	-0.03
279.88542	-0.03
279.89583	-0.04
279.90625	-0.05
279.91667	-0.05
279.92708	-0.06
279.93750	-0.07
279.94792	-0.07
279.95833	-0.08
279.96875	-0.08
279.97917	-0.09
279.98958	-0.09
280.00000	-0.09
280.01042	-0.10
280.02083	-0.10
280.03125	-0.10
280.04167	-0.09
280.05208	-0.09
280.06250	-0.08
280.07292	-0.08
280.08333	-0.07
280.09375	-0.06
280.10417	-0.06
280.11458	-0.05
280.12500	-0.05
280.13542	-0.04
280.14583	-0.04
280.15625	-0.04
280.16667	-0.04
280.17708	-0.04
280.18750	-0.04
280.19792	-0.05
280.20833	-0.05
280.21875	-0.05
280.22917	-0.06
280.23958	-0.06
280.25000	-0.07
280.26042	-0.07
280.27083	-0.08
280.28125	-0.08
280.29167	-0.08
280.30208	-0.09
280.31250	-0.09
280.32292	-0.10
280.33333	-0.10
280.34375	-0.10
280.35417	-0.11
280.36458	-0.11
280.37500	-0.11
280.38542	-0.11
280.39583	-0.10
280.40625	-0.10
280.41667	-0.10
280.42708	-0.09
280.43750	-0.08
280.44792	-0.07
280.45833	-0.05
280.46875	-0.03
280.47917	-0.01
280.48958	0.02
280.50000	0.04
280.51042	0.07
280.52083	0.11
280.53125	0.14
280.54167	0.17
280.55208	0.21
280.56250	0.24
280.57292	0.26
280.58333	0.29
280.59375	0.31
280.60417	0.33
280.61458	0.35
280.62500	0.35
280.63542	0.37
280.64583	0.36
280.65625	0.35
280.66667	0.34
280.67708	0.33
280.68750	0.30
280.69792	0.29
280.70833	0.27
280.71875	0.25
280.72917	0.23
280.73958	0.22
280.75000	0.20
280.76042	0.18
280.77083	0.16
280.78125	0.15
280.79167	0.13
280.80208	0.11
280.81250	0.10
280.82292	0.09
280.83333	0.07
280.84375	0.06
280.85417	0.05
280.86458	0.03
280.87500	0.02
280.88542	0.01
280.89583	0.00
280.90625	-0.01
280.91667	-0.02
280.92708	-0.03
280.93750	-0.04
280.94792	-0.04
280.95833	-0.05
280.96875	-0.06
280.97917	-0.06
280.98958	-0.07
281.00000	-0.07
281.01042	-0.08
281.02083	-0.08
281.03125	-0.09
281.04167	-0.09
281.05208	-0.09
281.06250	-0.09
281.07292	-0.09
281.08333	-0.09
281.09375	-0.09
281.10417	-0.08
281.11458	-0.08
281.12500	-0.07
281.13542	-0.07
281.14583	-0.06
281.15625	-0.06
281.16667	-0.05
281.17708	-0.05
281.18750	-0.05
281.19792	-0.04
281.20833	-0.04
281.21875	-0.04
281.22917	-0.04
281.23958	-0.05
281.25000	-0.05
281.26042	-0.05
281.27083	-0.06
281.28125	-0.06
281.29167	-0.06
281.30208	-0.07
281.31250	-0.07
281.32292	-0.08
281.33333	-0.08
281.34375	-0.09
281.35417	-0.09
281.36458	-0.09
281.37500	-0.10
281.38542	-0.10
281.39583	-0.11
281.40625	-0.11
281.41667	-0.11
281.42708	-0.11
281.43750	-0.11
281.44792	-0.10
281.45833	-0.10
281.46875	-0.10
281.47917	-0.09
281.48958	-0.08
281.50000	-0.08
281.51042	-0.06
281.52083	-0.05
281.53125	-0.03
281.54167	0.00
281.55208	0.03
281.56250	0.04
281.57292	0.07
281.58333	0.10
281.59375	0.13
281.60417	0.15
281.61458	0.18
281.62500	0.20
281.63542	0.22
281.64583	0.24
281.65625	0.26
281.66667	0.26
281.67708	0.28
281.68750	0.29
281.69792	0.28
281.70833	0.27
281.71875	0.27
281.72917	0.26
281.73958	0.24
281.75000	0.22
281.76042	0.21
281.77083	0.19
281.78125	0.18
281.79167	0.16
281.80208	0.15
281.81250	0.13
281.82292	0.11
281.83333	0.10
281.84375	0.09
281.85417	0.07
281.86458	0.06
281.87500	0.05
281.88542	0.04
281.89583	0.03
281.90625	0.02
281.91667	0.01
281.92708	0.00
281.93750	-0.01
281.94792	-0.02
281.95833	-0.03
281.96875	-0.04
281.97917	-0.04
281.98958	-0.05
282.00000	-0.06
282.01042	-0.06
282.02083	-0.07
282.03125	-0.08
282.04167	-0.08
282.05208	-0.09
282.06250	-0.09
282.07292	-0.10
282.08333	-0.10
282.09375	-0.10
282.10417	-0.10
282.11458	-0.10
282.12500	-0.10
282.13542	-0.10
282.14583	-0.09
282.15625	-0.09
282.16667	-0.08
282.17708	-0.07
282.18750	-0.06
282.19792	-0.05
282.20833	-0.04
282.21875	-0.03
282.22917	-0.03
282.23958	-0.02
282.25000	-0.01
282.26042	-0.01
282.27083	-0.02
282.28125	-0.02
282.29167	-0.02
282.30208	-0.02
282.31250	-0.03
282.32292	-0.03
282.33333	-0.04
282.34375	-0.05
282.35417	-0.05
282.36458	-0.05
282.37500	-0.06
282.38542	-0.07
282.39583	-0.08
282.40625	-0.08
282.41667	-0.08
282.42708	-0.09
282.43750	-0.09
282.44792	-0.10
282.45833	-0.10
282.46875	-0.10
282.47917	-0.10
282.48958	-0.11
282.50000	-0.10
282.51042	-0.10
282.52083	-0.10
282.53125	-0.09
282.54167	-0.08
282.55208	-0.07
282.56250	-0.05
282.57292	-0.03
282.58333	-0.01
282.59375	0.02
282.60417	0.04
282.61458	0.08
282.62500	0.11
282.63542	0.14
282.64583	0.19
282.65625	0.22
282.66667	0.25
282.67708	0.29
282.68750	0.31
282.69792	0.34
282.70833	0.36
282.71875	0.38
282.72917	0.38
282.73958	0.39
282.75000	0.37
282.76042	0.37
282.77083	0.36
282.78125	0.34
282.79167	0.32
282.80208	0.31
282.81250	0.29
282.82292	0.27
282.83333	0.25
282.84375	0.23
282.85417	0.22
282.86458	0.19
282.87500	0.18
282.88542	0.16
282.89583	0.14
282.90625	0.13
282.91667	0.11
282.92708	0.10
282.93750	0.08
282.94792	0.07
282.95833	0.06
282.96875	0.04
282.97917	0.03
282.98958	0.02
283.00000	0.01
283.01042	0.00
283.02083	-0.01
283.03125	-0.02
283.04167	-0.03
283.05208	-0.03
283.06250	-0.04
283.07292	-0.04
283.08333	-0.05
283.09375	-0.04
283.10417	-0.04
283.11458	-0.03
283.12500	-0.02
283.13542	-0.01
283.14583	0.01
283.15625	0.02
283.16667	0.04
283.17708	0.06
283.18750	0.07
283.19792	0.10
283.20833	0.12
283.21875	0.14
283.22917	0.16
283.23958	0.17
283.25000	0.19
283.26042	0.20
283.27083	0.21
283.28125	0.21
283.29167	0.20
283.30208	0.19
283.31250	0.18
283.32292	0.17
283.33333	0.16
283.34375	0.15
283.35417	0.14
283.36458	0.12
283.37500	0.11
283.38542	0.10
283.39583	0.09
283.40625	0.08
283.41667	0.06
283.42708	0.06
283.43750	0.04
283.44792	0.03
283.45833	0.02
283.46875	0.01
283.47917	0.00
283.48958	-0.01
283.50000	-0.01
283.51042	-0.02
283.52083	-0.02
283.53125	-0.03
283.54167	-0.04
283.55208	-0.04
283.56250	-0.04
283.57292	-0.03
283.58333	-0.03
283.59375	-0.01
283.60417	-0.01
283.61458	0.02
283.62500	0.03
283.63542	0.06
283.64583	0.08
283.65625	0.11
283.66667	0.14
283.67708	0.17
283.68750	0.20
283.69792	0.23
283.70833	0.26
283.71875	0.29
283.72917	0.31
283.73958	0.33
283.75000	0.34
283.76042	0.34
283.77083	0.34
283.78125	0.33
283.79167	0.32
283.80208	0.30
283.81250	0.28
283.82292	0.27
283.83333	0.25
283.84375	0.23
283.85417	0.21
283.86458	0.20
283.87500	0.18
283.88542	0.16
283.89583	0.14
283.90625	0.13
283.91667	0.11
283.92708	0.10
283.93750	0.08
283.94792	0.07
283.95833	0.05
283.96875	0.04
283.97917	0.03
283.98958	0.02
284.00000	0.01
284.01042	0.00
284.02083	-0.01
284.03125	-0.02
284.04167	-0.03
284.05208	-0.04
284.06250	-0.05
284.07292	-0.05
284.08333	-0.06
284.09375	-0.06
284.10417	-0.07
284.11458	-0.08
284.12500	-0.08
284.13542	-0.09
284.14583	-0.09
284.15625	-0.09
284.16667	-0.09
284.17708	-0.09
284.18750	-0.09
284.19792	-0.08
284.20833	-0.07
284.21875	-0.06
284.22917	-0.05
284.23958	-0.03
284.25000	-0.02
284.26042	0.00
284.27083	0.02
284.28125	0.03
284.29167	0.04
284.30208	0.05
284.31250	0.06
284.32292	0.06
284.33333	0.06
284.34375	0.05
284.35417	0.04
284.36458	0.04
284.37500	0.03
284.38542	0.02
284.39583	0.01
284.40625	0.01
284.41667	0.00
284.42708	-0.01
284.43750	-0.02
284.44792	-0.02
284.45833	-0.03
284.46875	-0.04
284.47917	-0.04
284.48958	-0.05
284.50000	-0.06
284.51042	-0.06
284.52083	-0.07
284.53125	-0.07
284.54167	-0.08
284.55208	-0.08
284.56250	-0.09
284.57292	-0.09
284.58333	-0.10
284.59375	-0.10
284.60417	-0.10
284.61458	-0.10
284.62500	-0.09
284.63542	-0.09
284.64583	-0.08
284.65625	-0.06
284.66667	-0.05
284.67708	-0.02
284.68750	0.00
284.69792	0.04
284.70833	0.07
284.71875	0.10
284.72917	0.14
284.73958	0.17
284.75000	0.21
284.76042	0.24
284.77083	0.26
284.78125	0.28
284.79167	0.30
284.80208	0.30
284.81250	0.30
284.82292	0.29
284.83333	0.27
284.84375	0.26
284.85417	0.24
284.86458	0.22
284.87500	0.20
284.88542	0.18
284.89583	0.17
284.90625	0.15
284.91667	0.13
284.92708	0.12
284.93750	0.10
284.94792	0.09
284.95833	0.07
284.96875	0.06
284.97917	0.04
284.98958	0.03
285.00000	0.02
285.01042	0.01
285.02083	0.00
285.03125	-0.01
285.04167	-0.02
285.05208	-0.03
285.06250	-0.04
285.07292	-0.04
285.08333	-0.05
285.09375	-0.06
285.10417	-0.07
285.11458	-0.07
285.12500	-0.08
285.13542	-0.08
285.14583	-0.09
285.15625	-0.09
285.16667	-0.10
285.17708	-0.10
285.18750	-0.10
285.19792	-0.10
285.20833	-0.10
285.21875	-0.09
285.22917	-0.08
285.23958	-0.07
285.25000	-0.05
285.26042	-0.03
285.27083	-0.01
285.28125	0.01
285.29167	0.03
285.30208	0.05
285.31250	0.07
285.32292	0.08
285.33333	0.09
285.34375	0.10
285.35417	0.10
285.36458	0.09
285.37500	0.08
285.38542	0.07
285.39583	0.06
285.40625	0.05
285.41667	0.04
285.42708	0.03
285.43750	0.02
285.44792	0.02
285.45833	0.01
285.46875	0.00
285.47917	-0.01
285.48958	-0.02
285.50000	-0.03
285.51042	-0.03
285.52083	-0.04
285.53125	-0.05
285.54167	-0.06
285.55208	-0.06
285.56250	-0.07
285.57292	-0.07
285.58333	-0.08
285.59375	-0.08
285.60417	-0.09
285.61458	-0.10
285.62500	-0.10
285.63542	-0.10
285.64583	-0.10
285.65625	-0.10
285.66667	-0.09
285.67708	-0.08
285.68750	-0.07
285.69792	-0.05
285.70833	-0.02
285.71875	0.01
285.72917	0.05
285.73958	0.09
285.75000	0.13
285.76042	0.17
285.77083	0.21
285.78125	0.25
285.79167	0.28
285.80208	0.31
285.81250	0.34
285.82292	0.35
285.83333	0.35
285.84375	0.35
285.85417	0.33
285.86458	0.31
285.87500	0.29
285.88542	0.27
285.89583	0.25
285.90625	0.23
285.91667	0.21
285.92708	0.19
285.93750	0.17
285.94792	0.15
285.95833	0.13
285.96875	0.12
285.97917	0.10
285.98958	0.09
286.00000	0.07
286.01042	0.06
286.02083	0.05
286.03125	0.03
286.04167	0.02
286.05208	0.01
286.06250	0.00
286.07292	-0.01
286.08333	-0.02
286.09375	-0.03
286.10417	-0.04
286.11458	-0.04
286.12500	-0.05
286.13542	-0.06
286.14583	-0.07
286.15625	-0.07
286.16667	-0.08
286.17708	-0.08
286.18750	-0.09
286.19792	-0.09
286.20833	-0.09
286.21875	-0.09
286.22917	-0.08
286.23958	-0.07
286.25000	-0.06
286.26042	-0.04
286.27083	-0.02
286.28125	0.01
286.29167	0.04
286.30208	0.06
286.31250	0.09
286.32292	0.12
286.33333	0.14
286.34375	0.16
286.35417	0.18
286.36458	0.18
286.37500	0.17
286.38542	0.16
286.39583	0.15
286.40625	0.14
286.41667	0.13
286.42708	0.11
286.43750	0.10
286.44792	0.09
286.45833	0.08
286.46875	0.06
286.47917	0.05
286.48958	0.04
286.50000	0.03
286.51042	0.02
286.52083	0.01
286.53125	0.00
286.54167	-0.01
286.55208	-0.02
286.56250	-0.03
286.57292	-0.03
286.58333	-0.04
286.59375	-0.05
286.60417	-0.06
286.61458	-0.07
286.62500	-0.07
286.63542	-0.08
286.64583	-0.08
286.65625	-0.09
286.66667	-0.09
286.67708	-0.10
286.68750	-0.09
286.69792	-0.09
286.70833	-0.09
286.71875	-0.07
286.72917	-0.06
286.73958	-0.03
286.75000	0.00
286.76042	0.04
286.77083	0.08
286.78125	0.12
286.79167	0.17
286.80208	0.21
286.81250	0.25
286.82292	0.28
286.83333	0.31
286.84375	0.33
286.85417	0.35
286.86458	0.35
286.87500	0.34
286.88542	0.32
286.89583	0.30
286.90625	0.28
286.91667	0.26
286.92708	0.24
286.93750	0.22
286.94792	0.20
286.95833	0.18
286.96875	0.16
286.97917	0.14
286.98958	0.12
287.00000	0.11
287.01042	0.09
287.02083	0.08
287.03125	0.06
287.04167	0.05
287.05208	0.04
287.06250	0.03
287.07292	0.02
287.08333	0.01
287.09375	-0.01
287.10417	-0.01
287.11458	-0.02
287.12500	-0.03
287.13542	-0.04
287.14583	-0.05
287.15625	-0.06
287.16667	-0.06
287.17708	-0.07
287.18750	-0.07
287.19792	-0.08
287.20833	-0.08
287.21875	-0.08
287.22917	-0.08
287.23958	-0.08
287.25000	-0.07
287.26042	-0.05
287.27083	-0.03
287.28125	-0.01
287.29167	0.03
287.30208	0.06
287.31250	0.09
287.32292	0.13
287.33333	0.16
287.34375	0.19
287.35417	0.22
287.36458	0.25
287.37500	0.27
287.38542	0.27
287.39583	0.28
287.40625	0.26
287.41667	0.24
287.42708	0.22
287.43750	0.21
287.44792	0.19
287.45833	0.17
287.46875	0.15
287.47917	0.13
287.48958	0.12
287.50000	0.10
287.51042	0.09
287.52083	0.07
287.53125	0.07
287.54167	0.05
287.55208	0.04
287.56250	0.03
287.57292	0.02
287.58333	0.01
287.59375	0.00
287.60417	-0.01
287.61458	-0.02
287.62500	-0.03
287.63542	-0.04
287.64583	-0.04
287.65625	-0.05
287.66667	-0.06
287.67708	-0.06
287.68750	-0.07
287.69792	-0.07
287.70833	-0.08
287.71875	-0.08
287.72917	-0.08
287.73958	-0.07
287.75000	-0.06
287.76042	-0.05
287.77083	-0.02
287.78125	0.01
287.79167	0.05
287.80208	0.09
287.81250	0.13
287.82292	0.18
287.83333	0.22
287.84375	0.26
287.85417	0.29
287.86458	0.32
287.87500	0.34
287.88542	0.35
287.89583	0.35
287.90625	0.34
287.91667	0.32
287.92708	0.30
287.93750	0.28
287.94792	0.26
287.95833	0.24
287.96875	0.22
287.97917	0.20
287.98958	0.18
288.00000	0.16
288.01042	0.14
288.02083	0.13
288.03125	0.11
288.04167	0.09
288.05208	0.08
288.06250	0.07
288.07292	0.05
288.08333	0.04
288.09375	0.03
288.10417	0.02
288.11458	0.00
288.12500	-0.01
288.13542	-0.02
288.14583	-0.02
288.15625	-0.03
288.16667	-0.04
288.17708	-0.05
288.18750	-0.05
288.19792	-0.06
288.20833	-0.07
288.21875	-0.07
288.22917	-0.07
288.23958	-0.07
288.25000	-0.07
288.26042	-0.06
288.27083	-0.04
288.28125	-0.02
288.29167	0.02
288.30208	0.05
288.31250	0.09
288.32292	0.14
288.33333	0.18
288.34375	0.23
288.35417	0.27
288.36458	0.31
288.37500	0.35
288.38542	0.38
288.39583	0.40
288.40625	0.41
288.41667	0.40
288.42708	0.39
288.43750	0.37
288.44792	0.35
288.45833	0.33
288.46875	0.31
288.47917	0.28
288.48958	0.27
288.50000	0.24
288.51042	0.22
288.52083	0.20
288.53125	0.19
288.54167	0.16
288.55208	0.15
288.56250	0.13
288.57292	0.12
288.58333	0.10
288.59375	0.09
288.60417	0.07
288.61458	0.06
288.62500	0.05
288.63542	0.04
288.64583	0.03
288.65625	0.02
288.66667	0.01
288.67708	0.00
288.68750	-0.01
288.69792	-0.02
288.70833	-0.03
288.71875	-0.03
288.72917	-0.04
288.73958	-0.04
288.75000	-0.04
288.76042	-0.03
288.77083	-0.02
288.78125	0.00
288.79167	0.03
288.80208	0.06
288.81250	0.10
288.82292	0.13
288.83333	0.18
288.84375	0.22
288.85417	0.26
288.86458	0.30
288.87500	0.34
288.88542	0.36
288.89583	0.39
288.90625	0.39
288.91667	0.40
288.92708	0.40
288.93750	0.37
288.94792	0.35
288.95833	0.33
288.96875	0.31
288.97917	0.29
288.98958	0.27
289.00000	0.25
289.01042	0.22
289.02083	0.20
289.03125	0.18
289.04167	0.16
289.05208	0.15
289.06250	0.13
289.07292	0.11
289.08333	0.10
289.09375	0.08
289.10417	0.07
289.11458	0.05
289.12500	0.04
289.13542	0.03
289.14583	0.02
289.15625	0.01
289.16667	0.00
289.17708	-0.01
289.18750	-0.02
289.19792	-0.03
289.20833	-0.04
289.21875	-0.05
289.22917	-0.05
289.23958	-0.06
289.25000	-0.06
289.26042	-0.06
289.27083	-0.05
289.28125	-0.03
289.29167	-0.01
289.30208	0.02
289.31250	0.06
289.32292	0.10
289.33333	0.15
289.34375	0.20
289.35417	0.25
289.36458	0.30
289.37500	0.35
289.38542	0.39
289.39583	0.43
289.40625	0.46
289.41667	0.48
289.42708	0.50
289.43750	0.49
289.44792	0.47
289.45833	0.45
289.46875	0.43
289.47917	0.41
289.48958	0.39
289.50000	0.37
289.51042	0.34
289.52083	0.32
289.53125	0.28
289.54167	0.26
289.55208	0.25
289.56250	0.22
289.57292	0.20
289.58333	0.18
289.59375	0.16
289.60417	0.14
289.61458	0.12
289.62500	0.10
289.63542	0.09
289.64583	0.07
289.65625	0.06
289.66667	0.04
289.67708	0.03
289.68750	0.02
289.69792	0.01
289.70833	0.00
289.71875	-0.01
289.72917	-0.02
289.73958	-0.03
289.75000	-0.03
289.76042	-0.04
289.77083	-0.05
289.78125	-0.05
289.79167	-0.05
289.80208	-0.04
289.81250	-0.03
289.82292	-0.01
289.83333	0.02
289.84375	0.05
289.85417	0.09
289.86458	0.13
289.87500	0.16
289.88542	0.20
289.89583	0.24
289.90625	0.27
289.91667	0.30
289.92708	0.33
289.93750	0.35
289.94792	0.35
289.95833	0.34
289.96875	0.33
289.97917	0.31
289.98958	0.29
290.00000	0.27
290.01042	0.25
290.02083	0.23
290.03125	0.21
290.04167	0.19
290.05208	0.17
290.06250	0.16
290.07292	0.14
290.08333	0.12
290.09375	0.11
290.10417	0.09
290.11458	0.08
290.12500	0.06
290.13542	0.05
290.14583	0.04
290.15625	0.02
290.16667	0.01
290.17708	0.00
290.18750	-0.01
290.19792	-0.02
290.20833	-0.03
290.21875	-0.04
290.22917	-0.04
290.23958	-0.05
290.25000	-0.05
290.26042	-0.06
290.27083	-0.06
290.28125	-0.06
290.29167	-0.05
290.30208	-0.03
290.31250	-0.01
290.32292	0.02
290.33333	0.06
290.34375	0.10
290.35417	0.15
290.36458	0.20
290.37500	0.26
290.38542	0.31
290.39583	0.36
290.40625	0.40
290.41667	0.44
290.42708	0.47
290.43750	0.50
290.44792	0.50
290.45833	0.51
290.46875	0.50
290.47917	0.48
290.48958	0.46
290.50000	0.44
290.51042	0.41
290.52083	0.39
290.53125	0.37
290.54167	0.35
290.55208	0.32
290.56250	0.29
290.57292	0.27
290.58333	0.25
290.59375	0.22
290.60417	0.20
290.61458	0.18
290.62500	0.16
290.63542	0.14
290.64583	0.12
290.65625	0.11
290.66667	0.09
290.67708	0.08
290.68750	0.06
290.69792	0.05
290.70833	0.04
290.71875	0.03
290.72917	0.02
290.73958	0.01
290.75000	-0.01
290.76042	-0.01
290.77083	-0.02
290.78125	-0.03
290.79167	-0.04
290.80208	-0.04
290.81250	-0.05
290.82292	-0.05
290.83333	-0.05
290.84375	-0.05
290.85417	-0.04
290.86458	-0.03
290.87500	-0.02
290.88542	0.00
290.89583	0.03
290.90625	0.05
290.91667	0.08
290.92708	0.11
290.93750	0.13
290.94792	0.16
290.95833	0.18
290.96875	0.19
290.97917	0.20
290.98958	0.20
291.00000	0.19
291.01042	0.18
291.02083	0.17
291.03125	0.15
291.04167	0.14
291.05208	0.13
291.06250	0.11
291.07292	0.10
291.08333	0.08
291.09375	0.07
291.10417	0.06
291.11458	0.04
291.12500	0.03
291.13542	0.02
291.14583	0.01
291.15625	0.00
291.16667	-0.01
291.17708	-0.02
291.18750	-0.03
291.19792	-0.04
291.20833	-0.04
291.21875	-0.05
291.22917	-0.06
291.23958	-0.07
291.25000	-0.07
291.26042	-0.08
291.27083	-0.08
291.28125	-0.09
291.29167	-0.09
291.30208	-0.09
291.31250	-0.09
291.32292	-0.09
291.33333	-0.08
291.34375	-0.06
291.35417	-0.04
291.36458	0.00
291.37500	0.03
291.38542	0.08
291.39583	0.13
291.40625	0.18
291.41667	0.23
291.42708	0.28
291.43750	0.33
291.44792	0.36
291.45833	0.40
291.46875	0.43
291.47917	0.45
291.48958	0.47
291.50000	0.46
291.51042	0.45
291.52083	0.43
291.53125	0.40
291.54167	0.38
291.55208	0.36
291.56250	0.34
291.57292	0.31
291.58333	0.29
291.59375	0.27
291.60417	0.25
291.61458	0.23
291.62500	0.20
291.63542	0.18
291.64583	0.16
291.65625	0.15
291.66667	0.13
291.67708	0.11
291.68750	0.09
291.69792	0.08
291.70833	0.07
291.71875	0.06
291.72917	0.04
291.73958	0.03
291.75000	0.02
291.76042	0.01
291.77083	0.00
291.78125	-0.01
291.79167	-0.02
291.80208	-0.03
291.81250	-0.04
291.82292	-0.04
291.83333	-0.05
291.84375	-0.06
291.85417	-0.06
291.86458	-0.07
291.87500	-0.07
291.88542	-0.07
291.89583	-0.07
291.90625	-0.07
291.91667	-0.07
291.92708	-0.06
291.93750	-0.05
291.94792	-0.03
291.95833	-0.02
291.96875	0.00
291.97917	0.02
291.98958	0.03
292.00000	0.04
292.01042	0.05
292.02083	0.05
292.03125	0.05
292.04167	0.05
292.05208	0.04
292.06250	0.03
292.07292	0.03
292.08333	0.02
292.09375	0.01
292.10417	0.00
292.11458	-0.01
292.12500	-0.01
292.13542	-0.02
292.14583	-0.03
292.15625	-0.04
292.16667	-0.04
292.17708	-0.05
292.18750	-0.06
292.19792	-0.06
292.20833	-0.07
292.21875	-0.08
292.22917	-0.08
292.23958	-0.09
292.25000	-0.09
292.26042	-0.10
292.27083	-0.10
292.28125	-0.11
292.29167	-0.11
292.30208	-0.12
292.31250	-0.12
292.32292	-0.12
292.33333	-0.13
292.34375	-0.13
292.35417	-0.12
292.36458	-0.12
292.37500	-0.10
292.38542	-0.08
292.39583	-0.06
292.40625	-0.02
292.41667	0.02
292.42708	0.06
292.43750	0.11
292.44792	0.15
292.45833	0.20
292.46875	0.25
292.47917	0.28
292.48958	0.32
292.50000	0.35
292.51042	0.37
292.52083	0.38
292.53125	0.38
292.54167	0.38
292.55208	0.35
292.56250	0.33
292.57292	0.31
292.58333	0.29
292.59375	0.27
292.60417	0.24
292.61458	0.22
292.62500	0.20
292.63542	0.19
292.64583	0.16
292.65625	0.15
292.66667	0.13
292.67708	0.11
292.68750	0.10
292.69792	0.08
292.70833	0.07
292.71875	0.05
292.72917	0.04
292.73958	0.03
292.75000	0.02
292.76042	0.01
292.77083	0.00
292.78125	-0.01
292.79167	-0.02
292.80208	-0.03
292.81250	-0.04
292.82292	-0.05
292.83333	-0.05
292.84375	-0.06
292.85417	-0.07
292.86458	-0.07
292.87500	-0.08
292.88542	-0.09
292.89583	-0.09
292.90625	-0.10
292.91667	-0.10
292.92708	-0.11
292.93750	-0.11
292.94792	-0.11
292.95833	-0.12
292.96875	-0.12
292.97917	-0.12
292.98958	-0.11
293.00000	-0.11
293.01042	-0.11
293.02083	-0.10
293.03125	-0.10
293.04167	-0.10
293.05208	-0.09
293.06250	-0.09
293.07292	-0.09
293.08333	-0.10
293.09375	-0.10
293.10417	-0.10
293.11458	-0.10
293.12500	-0.11
293.13542	-0.11
293.14583	-0.12
293.15625	-0.12
293.16667	-0.12
293.17708	-0.13
293.18750	-0.13
293.19792	-0.14
293.20833	-0.14
293.21875	-0.15
293.22917	-0.15
293.23958	-0.15
293.25000	-0.16
293.26042	-0.16
293.27083	-0.17
293.28125	-0.17
293.29167	-0.17
293.30208	-0.18
293.31250	-0.18
293.32292	-0.18
293.33333	-0.19
293.34375	-0.19
293.35417	-0.19
293.36458	-0.19
293.37500	-0.19
293.38542	-0.19
293.39583	-0.19
293.40625	-0.18
293.41667	-0.18
293.42708	-0.17
293.43750	-0.15
293.44792	-0.13
293.45833	-0.10
293.46875	-0.07
293.47917	-0.04
293.48958	0.00
293.50000	0.04
293.51042	0.08
293.52083	0.12
293.53125	0.15
293.54167	0.18
293.55208	0.20
293.56250	0.22
293.57292	0.22
293.58333	0.22
293.59375	0.21
293.60417	0.20
293.61458	0.19
293.62500	0.17
293.63542	0.15
293.64583	0.14
293.65625	0.12
293.66667	0.11
293.67708	0.09
293.68750	0.08
293.69792	0.07
293.70833	0.05
293.71875	0.04
293.72917	0.03
293.73958	0.02
293.75000	0.01
293.76042	0.00
293.77083	-0.01
293.78125	-0.02
293.79167	-0.03
293.80208	-0.04
293.81250	-0.05
293.82292	-0.05
293.83333	-0.06
293.84375	-0.07
293.85417	-0.08
293.86458	-0.08
293.87500	-0.09
293.88542	-0.09
293.89583	-0.10
293.90625	-0.11
293.91667	-0.11
293.92708	-0.12
293.93750	-0.12
293.94792	-0.13
293.95833	-0.13
293.96875	-0.14
293.97917	-0.14
293.98958	-0.14
294.00000	-0.15
294.01042	-0.15
294.02083	-0.15
294.03125	-0.15
294.04167	-0.15
294.05208	-0.15
294.06250	-0.15
294.07292	-0.15
294.08333	-0.15
294.09375	-0.15
294.10417	-0.15
294.11458	-0.15
294.12500	-0.15
294.13542	-0.15
294.14583	-0.15
294.15625	-0.16
294.16667	-0.16
294.17708	-0.16
294.18750	-0.16
294.19792	-0.17
294.20833	-0.17
294.21875	-0.17
294.22917	-0.18
294.23958	-0.18
294.25000	-0.18
294.26042	-0.19
294.27083	-0.19
294.28125	-0.19
294.29167	-0.20
294.30208	-0.20
294.31250	-0.20
294.32292	-0.21
294.33333	-0.21
294.34375	-0.21
294.35417	-0.21
294.36458	-0.22
294.37500	-0.22
294.38542	-0.22
294.39583	-0.22
294.40625	-0.22
294.41667	-0.22
294.42708	-0.22
294.43750	-0.22
294.44792	-0.21
294.45833	-0.21
294.46875	-0.20
294.47917	-0.19
294.48958	-0.17
294.50000	-0.14
294.51042	-0.11
294.52083	-0.08
294.53125	-0.04
294.54167	-0.01
294.55208	0.03
294.56250	0.07
294.57292	0.11
294.58333	0.14
294.59375	0.16
294.60417	0.18
294.61458	0.20
294.62500	0.21
294.63542	0.21
294.64583	0.20
294.65625	0.19
294.66667	0.17
294.67708	0.16
294.68750	0.15
294.69792	0.13
294.70833	0.11
294.71875	0.10
294.72917	0.08
294.73958	0.07
294.75000	0.06
294.76042	0.04
294.77083	0.03
294.78125	0.02
294.79167	0.01
294.80208	0.00
294.81250	-0.01
294.82292	-0.02
294.83333	-0.03
294.84375	-0.04
294.85417	-0.05
294.86458	-0.05
294.87500	-0.06
294.88542	-0.07
294.89583	-0.08
294.90625	-0.08
294.91667	-0.09
294.92708	-0.10
294.93750	-0.10
294.94792	-0.11
294.95833	-0.11
294.96875	-0.12
294.97917	-0.12
294.98958	-0.13
295.00000	-0.13
295.01042	-0.14
295.02083	-0.14
295.03125	-0.14
295.04167	-0.15
295.05208	-0.15
295.06250	-0.15
295.07292	-0.15
295.08333	-0.15
295.09375	-0.15
295.10417	-0.15
295.11458	-0.14
295.12500	-0.14
295.13542	-0.14
295.14583	-0.13
295.15625	-0.13
295.16667	-0.13
295.17708	-0.13
295.18750	-0.13
295.19792	-0.13
295.20833	-0.13
295.21875	-0.14
295.22917	-0.14
295.23958	-0.14
295.25000	-0.14
295.26042	-0.15
295.27083	-0.15
295.28125	-0.15
295.29167	-0.16
295.30208	-0.16
295.31250	-0.16
295.32292	-0.17
295.33333	-0.17
295.34375	-0.17
295.35417	-0.18
295.36458	-0.18
295.37500	-0.18
295.38542	-0.18
295.39583	-0.19
295.40625	-0.19
295.41667	-0.19
295.42708	-0.19
295.43750	-0.19
295.44792	-0.19
295.45833	-0.19
295.46875	-0.19
295.47917	-0.18
295.48958	-0.18
295.50000	-0.17
295.51042	-0.15
295.52083	-0.13
295.53125	-0.10
295.54167	-0.07
295.55208	-0.04
295.56250	0.01
295.57292	0.05
295.58333	0.09
295.59375	0.13
295.60417	0.17
295.61458	0.20
295.62500	0.24
295.63542	0.27
295.64583	0.29
295.65625	0.30
295.66667	0.32
295.67708	0.32
295.68750	0.30
295.69792	0.29
295.70833	0.27
295.71875	0.26
295.72917	0.24
295.73958	0.22
295.75000	0.20
295.76042	0.18
295.77083	0.16
295.78125	0.14
295.79167	0.13
295.80208	0.11
295.81250	0.10
295.82292	0.08
295.83333	0.07
295.84375	0.05
295.85417	0.04
295.86458	0.03
295.87500	0.02
295.88542	0.01
295.89583	0.00
295.90625	-0.01
295.91667	-0.02
295.92708	-0.02
295.93750	-0.03
295.94792	-0.03
295.95833	-0.04
295.96875	-0.04
295.97917	-0.05
295.98958	-0.06
296.00000	-0.06
296.01042	-0.07
296.02083	-0.07
296.03125	-0.08
296.04167	-0.08
296.05208	-0.08
296.06250	-0.09
296.07292	-0.09
296.08333	-0.09
296.09375	-0.08
296.10417	-0.07
296.11458	-0.07
296.12500	-0.06
296.13542	-0.05
296.14583	-0.04
296.15625	-0.03
296.16667	-0.01
296.17708	0.00
296.18750	0.01
296.19792	0.02
296.20833	0.03
296.21875	0.04
296.22917	0.04
296.23958	0.04
296.25000	0.04
296.26042	0.03
296.27083	0.03
296.28125	0.02
296.29167	0.02
296.30208	0.01
296.31250	0.00
296.32292	0.00
296.33333	-0.01
296.34375	-0.02
296.35417	-0.02
296.36458	-0.03
296.37500	-0.04
296.38542	-0.04
296.39583	-0.05
296.40625	-0.06
296.41667	-0.06
296.42708	-0.07
296.43750	-0.07
296.44792	-0.08
296.45833	-0.08
296.46875	-0.08
296.47917	-0.09
296.48958	-0.09
296.50000	-0.09
296.51042	-0.08
296.52083	-0.08
296.53125	-0.07
296.54167	-0.06
296.55208	-0.04
296.56250	-0.02
296.57292	0.01
296.58333	0.04
296.59375	0.07
296.60417	0.10
296.61458	0.14
296.62500	0.18
296.63542	0.22
296.64583	0.26
296.65625	0.28
296.66667	0.32
296.67708	0.35
296.68750	0.37
296.69792	0.38
296.70833	0.39
296.71875	0.39
296.72917	0.38
296.73958	0.36
296.75000	0.34
296.76042	0.33
296.77083	0.31
296.78125	0.29
296.79167	0.27
296.80208	0.25
296.81250	0.23
296.82292	0.21
296.83333	0.19
296.84375	0.17
296.85417	0.15
296.86458	0.13
296.87500	0.12
296.88542	0.10
296.89583	0.09
296.90625	0.07
296.91667	0.06
296.92708	0.05
296.93750	0.03
296.94792	0.02
296.95833	0.01
296.96875	0.00
296.97917	-0.01
296.98958	-0.02
297.00000	-0.03
297.01042	-0.04
297.02083	-0.04
297.03125	-0.05
297.04167	-0.06
297.05208	-0.06
297.06250	-0.07
297.07292	-0.08
297.08333	-0.08
297.09375	-0.09
297.10417	-0.09
297.11458	-0.09
297.12500	-0.09
297.13542	-0.09
297.14583	-0.09
297.15625	-0.08
297.16667	-0.07
297.17708	-0.06
297.18750	-0.04
297.19792	-0.02
297.20833	-0.01
297.21875	0.01
297.22917	0.03
297.23958	0.04
297.25000	0.06
297.26042	0.06
297.27083	0.07
297.28125	0.07
297.29167	0.07
297.30208	0.06
297.31250	0.06
297.32292	0.05
297.33333	0.04
297.34375	0.03
297.35417	0.02
297.36458	0.02
297.37500	0.01
297.38542	0.00
297.39583	-0.01
297.40625	-0.02
297.41667	-0.02
297.42708	-0.03
297.43750	-0.04
297.44792	-0.05
297.45833	-0.05
297.46875	-0.06
297.47917	-0.06
297.48958	-0.07
297.50000	-0.07
297.51042	-0.08
297.52083	-0.08
297.53125	-0.09
297.54167	-0.09
297.55208	-0.09
297.56250	-0.09
297.57292	-0.08
297.58333	-0.07
297.59375	-0.07
297.60417	-0.05
297.61458	-0.03
297.62500	0.00
297.63542	0.03
297.64583	0.06
297.65625	0.10
297.66667	0.14
297.67708	0.18
297.68750	0.22
297.69792	0.26
297.70833	0.30
297.71875	0.33
297.72917	0.35
297.73958	0.37
297.75000	0.39
297.76042	0.39
297.77083	0.38
297.78125	0.37
297.79167	0.35
297.80208	0.33
297.81250	0.31
297.82292	0.29
297.83333	0.27
297.84375	0.25
297.85417	0.23
297.86458	0.21
297.87500	0.19
297.88542	0.17
297.89583	0.15
297.90625	0.13
297.91667	0.12
297.92708	0.10
297.93750	0.09
297.94792	0.07
297.95833	0.06
297.96875	0.05
297.97917	0.03
297.98958	0.02
298.00000	0.01
298.01042	0.00
298.02083	-0.01
298.03125	-0.02
298.04167	-0.03
298.05208	-0.03
298.06250	-0.04
298.07292	-0.05
298.08333	-0.06
298.09375	-0.06
298.10417	-0.07
298.11458	-0.07
298.12500	-0.08
298.13542	-0.08
298.14583	-0.09
298.15625	-0.08
298.16667	-0.08
298.17708	-0.07
298.18750	-0.06
298.19792	-0.05
298.20833	-0.03
298.21875	-0.01
298.22917	0.01
298.23958	0.04
298.25000	0.06
298.26042	0.08
298.27083	0.11
298.28125	0.12
298.29167	0.13
298.30208	0.14
298.31250	0.14
298.32292	0.14
298.33333	0.13
298.34375	0.12
298.35417	0.11
298.36458	0.09
298.37500	0.08
298.38542	0.07
298.39583	0.06
298.40625	0.05
298.41667	0.04
298.42708	0.03
298.43750	0.02
298.44792	0.01
298.45833	-0.01
298.46875	-0.01
298.47917	-0.02
298.48958	-0.03
298.50000	-0.04
298.51042	-0.05
298.52083	-0.05
298.53125	-0.06
298.54167	-0.07
298.55208	-0.07
298.56250	-0.08
298.57292	-0.08
298.58333	-0.09
298.59375	-0.09
298.60417	-0.09
298.61458	-0.09
298.62500	-0.09
298.63542	-0.08
298.64583	-0.07
298.65625	-0.06
298.66667	-0.03
298.67708	-0.01
298.68750	0.03
298.69792	0.06
298.70833	0.10
298.71875	0.15
298.72917	0.19
298.73958	0.23
298.75000	0.26
298.76042	0.30
298.77083	0.32
298.78125	0.34
298.79167	0.35
298.80208	0.36
298.81250	0.35
298.82292	0.33
298.83333	0.31
298.84375	0.29
298.85417	0.27
298.86458	0.25
298.87500	0.23
298.88542	0.21
298.89583	0.19
298.90625	0.17
298.91667	0.15
298.92708	0.13
298.93750	0.12
298.94792	0.10
298.95833	0.09
298.96875	0.07
298.97917	0.06
298.98958	0.04
299.00000	0.03
299.01042	0.02
299.02083	0.01
299.03125	0.00
299.04167	-0.01
299.05208	-0.02
299.06250	-0.03
299.07292	-0.04
299.08333	-0.04
299.09375	-0.05
299.10417	-0.06
299.11458	-0.06
299.12500	-0.07
299.13542	-0.08
299.14583	-0.08
299.15625	-0.09
299.16667	-0.09
299.17708	-0.09
299.18750	-0.09
299.19792	-0.09
299.20833	-0.08
299.21875	-0.06
299.22917	-0.05
299.23958	-0.02
299.25000	0.01
299.26042	0.03
299.27083	0.06
299.28125	0.09
299.29167	0.12
299.30208	0.14
299.31250	0.16
299.32292	0.18
299.33333	0.18
299.34375	0.19
299.35417	0.18
299.36458	0.17
299.37500	0.16
299.38542	0.15
299.39583	0.13
299.40625	0.13
299.41667	0.11
299.42708	0.10
299.43750	0.08
299.44792	0.07
299.45833	0.06
299.46875	0.05
299.47917	0.04
299.48958	0.03
299.50000	0.02
299.51042	0.01
299.52083	0.00
299.53125	-0.01
299.54167	-0.02
299.55208	-0.02
299.56250	-0.03
299.57292	-0.04
299.58333	-0.05
299.59375	-0.06
299.60417	-0.06
299.61458	-0.07
299.62500	-0.07
299.63542	-0.08
299.64583	-0.08
299.65625	-0.08
299.66667	-0.08
299.67708	-0.08
299.68750	-0.08
299.69792	-0.06
299.70833	-0.05
299.71875	-0.03
299.72917	0.00
299.73958	0.03
299.75000	0.06
299.76042	0.10
299.77083	0.13
299.78125	0.17
299.79167	0.20
299.80208	0.23
299.81250	0.25
299.82292	0.26
299.83333	0.27
299.84375	0.27
299.85417	0.25
299.86458	0.24
299.87500	0.22
299.88542	0.21
299.89583	0.19
299.90625	0.17
299.91667	0.15
299.92708	0.14
299.93750	0.12
299.94792	0.10
299.95833	0.09
299.96875	0.08
299.97917	0.06
299.98958	0.05
300.00000	0.04
300.01042	0.02
300.02083	0.01
300.03125	0.00
300.04167	-0.01
300.05208	-0.02
300.06250	-0.03
300.07292	-0.03
300.08333	-0.04
300.09375	-0.05
300.10417	-0.06
300.11458	-0.06
300.12500	-0.07
300.13542	-0.08
300.14583	-0.08
300.15625	-0.09
300.16667	-0.09
300.17708	-0.10
300.18750	-0.10
300.19792	-0.10
300.20833	-0.10
300.21875	-0.10
300.22917	-0.09
300.23958	-0.08
300.25000	-0.06
300.26042	-0.03
300.27083	0.00
300.28125	0.03
300.29167	0.07
300.30208	0.10
300.31250	0.14
300.32292	0.17
300.33333	0.20
300.34375	0.22
300.35417	0.24
300.36458	0.24
300.37500	0.24
300.38542	0.23
300.39583	0.22
300.40625	0.20
300.41667	0.19
300.42708	0.17
300.43750	0.15
300.44792	0.14
300.45833	0.12
300.46875	0.11
300.47917	0.10
300.48958	0.08
300.50000	0.07
300.51042	0.06
300.52083	0.04
300.53125	0.03
300.54167	0.02
300.55208	0.01
300.56250	0.00
300.57292	-0.01
300.58333	-0.02
300.59375	-0.02
300.60417	-0.03
300.61458	-0.04
300.62500	-0.05
300.63542	-0.05
300.64583	-0.06
300.65625	-0.07
300.66667	-0.07
300.67708	-0.08
300.68750	-0.08
300.69792	-0.08
300.70833	-0.08
300.71875	-0.08
300.72917	-0.07
300.73958	-0.06
300.75000	-0.04
300.76042	-0.01
300.77083	0.02
300.78125	0.05
300.79167	0.08
300.80208	0.12
300.81250	0.15
300.82292	0.18
300.83333	0.21
300.84375	0.24
300.85417	0.26
300.86458	0.27
300.87500	0.26
300.88542	0.25
300.89583	0.24
300.90625	0.22
300.91667	0.21
300.92708	0.19
300.93750	0.17
300.94792	0.15
300.95833	0.14
300.96875	0.12
300.97917	0.11
300.98958	0.09
301.00000	0.08
301.01042	0.06
301.02083	0.05
301.03125	0.04
301.04167	0.03
301.05208	0.02
301.06250	0.01
301.07292	-0.01
301.08333	-0.02
301.09375	-0.02
301.10417	-0.03
301.11458	-0.04
301.12500	-0.05
301.13542	-0.05
301.14583	-0.06
301.15625	-0.07
301.16667	-0.07
301.17708	-0.08
301.18750	-0.08
301.19792	-0.09
301.20833	-0.09
301.21875	-0.09
301.22917	-0.08
301.23958	-0.07
301.25000	-0.05
301.26042	-0.02
301.27083	0.01
301.28125	0.05
301.29167	0.09
301.30208	0.14
301.31250	0.18
301.32292	0.22
301.33333	0.27
301.34375	0.31
301.35417	0.34
301.36458	0.37
301.37500	0.39
301.38542	0.40
301.39583	0.41
301.40625	0.39
301.41667	0.37
301.42708	0.36
301.43750	0.33
301.44792	0.31
301.45833	0.29
301.46875	0.27
301.47917	0.25
301.48958	0.23
301.50000	0.21
301.51042	0.18
301.52083	0.15
301.53125	0.13
301.54167	0.11
301.55208	0.09
301.56250	0.06
301.57292	0.05
301.58333	0.04
301.59375	0.03
301.60417	0.01
301.61458	0.00
301.62500	-0.01
301.63542	-0.02
301.64583	-0.04
301.65625	-0.04
301.66667	-0.05
301.67708	-0.06
301.68750	-0.08
301.69792	-0.08
301.70833	-0.08
301.71875	-0.08
301.72917	-0.09
301.73958	-0.10
301.75000	-0.09
301.76042	-0.10
301.77083	-0.09
301.78125	-0.08
301.79167	-0.08
301.80208	-0.06
301.81250	-0.04
301.82292	-0.01
301.83333	0.01
301.84375	0.04
301.85417	0.06
301.86458	0.07
301.87500	0.10
301.88542	0.10
301.89583	0.11
301.90625	0.12
301.91667	0.11
301.92708	0.11
301.93750	0.10
301.94792	0.09
301.95833	0.08
301.96875	0.07
301.97917	0.06
301.98958	0.05
302.00000	0.04
302.01042	0.03
302.02083	0.02
302.03125	0.00
302.04167	-0.01
302.05208	-0.01
302.06250	-0.02
302.07292	-0.04
302.08333	-0.04
302.09375	-0.05
302.10417	-0.06
302.11458	-0.07
302.12500	-0.07
302.13542	-0.08
302.14583	-0.09
302.15625	-0.09
302.16667	-0.10
302.17708	-0.10
302.18750	-0.11
302.19792	-0.11
302.20833	-0.11
302.21875	-0.11
302.22917	-0.10
302.23958	-0.09
302.25000	-0.07
302.26042	-0.04
302.27083	0.01
302.28125	0.06
302.29167	0.12
302.30208	0.17
302.31250	0.24
302.32292	0.30
302.33333	0.36
302.34375	0.42
302.35417	0.48
302.36458	0.51
302.37500	0.55
302.38542	0.58
302.39583	0.60
302.40625	0.61
302.41667	0.61
302.42708	0.59
302.43750	0.57
302.44792	0.56
302.45833	0.54
302.46875	0.52
302.47917	0.49
302.48958	0.47
302.50000	0.43
302.51042	0.41
302.52083	0.38
302.53125	0.35
302.54167	0.34
302.55208	0.30
302.56250	0.27
302.57292	0.25
302.58333	0.23
302.59375	0.20
302.60417	0.18
302.61458	0.16
302.62500	0.15
302.63542	0.13
302.64583	0.11
302.65625	0.10
302.66667	0.08
302.67708	0.07
302.68750	0.06
302.69792	0.04
302.70833	0.03
302.71875	0.02
302.72917	0.01
302.73958	0.00
302.75000	0.00
302.76042	0.00
302.77083	0.01
302.78125	0.01
302.79167	0.03
302.80208	0.05
302.81250	0.07
302.82292	0.09
302.83333	0.12
302.84375	0.15
302.85417	0.18
302.86458	0.21
302.87500	0.23
302.88542	0.26
302.89583	0.28
302.90625	0.29
302.91667	0.30
302.92708	0.29
302.93750	0.28
302.94792	0.27
302.95833	0.26
302.96875	0.24
302.97917	0.23
302.98958	0.21
303.00000	0.19
303.01042	0.18
303.02083	0.16
303.03125	0.14
303.04167	0.13
303.05208	0.11
303.06250	0.10
303.07292	0.08
303.08333	0.07
303.09375	0.05
303.10417	0.04
303.11458	0.03
303.12500	0.02
303.13542	0.01
303.14583	0.00
303.15625	-0.01
303.16667	-0.02
303.17708	-0.03
303.18750	-0.04
303.19792	-0.04
303.20833	-0.05
303.21875	-0.05
303.22917	-0.06
303.23958	-0.06
303.25000	-0.06
303.26042	-0.05
303.27083	-0.03
303.28125	-0.01
303.29167	0.01
303.30208	0.05
303.31250	0.08
303.32292	0.12
303.33333	0.16
303.34375	0.20
303.35417	0.25
303.36458	0.29
303.37500	0.33
303.38542	0.36
303.39583	0.40
303.40625	0.42
303.41667	0.44
303.42708	0.45
303.43750	0.45
303.44792	0.44
303.45833	0.42
303.46875	0.40
303.47917	0.38
303.48958	0.36
303.50000	0.34
303.51042	0.32
303.52083	0.30
303.53125	0.27
303.54167	0.25
303.55208	0.23
303.56250	0.21
303.57292	0.19
303.58333	0.17
303.59375	0.15
303.60417	0.13
303.61458	0.12
303.62500	0.10
303.63542	0.09
303.64583	0.07
303.65625	0.06
303.66667	0.05
303.67708	0.04
303.68750	0.02
303.69792	0.01
303.70833	0.01
303.71875	-0.01
303.72917	-0.01
303.73958	-0.02
303.75000	-0.03
303.76042	-0.04
303.77083	-0.04
303.78125	-0.05
303.79167	-0.06
303.80208	-0.06
303.81250	-0.07
303.82292	-0.07
303.83333	-0.07
303.84375	-0.06
303.85417	-0.06
303.86458	-0.05
303.87500	-0.04
303.88542	-0.02
303.89583	-0.01
303.90625	0.01
303.91667	0.02
303.92708	0.03
303.93750	0.04
303.94792	0.05
303.95833	0.06
303.96875	0.06
303.97917	0.05
303.98958	0.05
304.00000	0.04
304.01042	0.03
304.02083	0.02
304.03125	0.02
304.04167	0.01
304.05208	0.00
304.06250	-0.01
304.07292	-0.02
304.08333	-0.03
304.09375	-0.03
304.10417	-0.04
304.11458	-0.05
304.12500	-0.06
304.13542	-0.06
304.14583	-0.07
304.15625	-0.08
304.16667	-0.08
304.17708	-0.09
304.18750	-0.09
304.19792	-0.10
304.20833	-0.10
304.21875	-0.11
304.22917	-0.11
304.23958	-0.12
304.25000	-0.12
304.26042	-0.12
304.27083	-0.12
304.28125	-0.12
304.29167	-0.12
304.30208	-0.11
304.31250	-0.10
304.32292	-0.08
304.33333	-0.06
304.34375	-0.03
304.35417	0.01
304.36458	0.05
304.37500	0.09
304.38542	0.13
304.39583	0.18
304.40625	0.22
304.41667	0.25
304.42708	0.29
304.43750	0.31
304.44792	0.34
304.45833	0.34
304.46875	0.34
304.47917	0.33
304.48958	0.32
304.50000	0.29
304.51042	0.28
304.52083	0.25
304.53125	0.24
304.54167	0.22
304.55208	0.20
304.56250	0.18
304.57292	0.17
304.58333	0.15
304.59375	0.13
304.60417	0.12
304.61458	0.10
304.62500	0.09
304.63542	0.08
304.64583	0.06
304.65625	0.05
304.66667	0.04
304.67708	0.03
304.68750	0.02
304.69792	0.01
304.70833	0.00
304.71875	-0.01
304.72917	-0.02
304.73958	-0.03
304.75000	-0.04
304.76042	-0.04
304.77083	-0.05
304.78125	-0.06
304.79167	-0.06
304.80208	-0.07
304.81250	-0.08
304.82292	-0.08
304.83333	-0.09
304.84375	-0.09
304.85417	-0.10
304.86458	-0.10
304.87500	-0.10
304.88542	-0.09
304.89583	-0.09
304.90625	-0.09
304.91667	-0.08
304.92708	-0.07
304.93750	-0.07
304.94792	-0.06
304.95833	-0.05
304.96875	-0.04
304.97917	-0.04
304.98958	-0.04
305.00000	-0.04
305.01042	-0.04
305.02083	-0.05
305.03125	-0.05
305.04167	-0.05
305.05208	-0.06
305.06250	-0.06
305.07292	-0.07
305.08333	-0.08
305.09375	-0.08
305.10417	-0.09
305.11458	-0.09
305.12500	-0.10
305.13542	-0.10
305.14583	-0.11
305.15625	-0.11
305.16667	-0.12
305.17708	-0.12
305.18750	-0.13
305.19792	-0.13
305.20833	-0.14
305.21875	-0.14
305.22917	-0.14
305.23958	-0.15
305.25000	-0.15
305.26042	-0.15
305.27083	-0.16
305.28125	-0.16
305.29167	-0.16
305.30208	-0.16
305.31250	-0.16
305.32292	-0.16
305.33333	-0.15
305.34375	-0.15
305.35417	-0.13
305.36458	-0.11
305.37500	-0.08
305.38542	-0.05
305.39583	-0.02
305.40625	0.02
305.41667	0.06
305.42708	0.10
305.43750	0.14
305.44792	0.18
305.45833	0.21
305.46875	0.23
305.47917	0.25
305.48958	0.26
305.50000	0.26
305.51042	0.26
305.52083	0.25
305.53125	0.23
305.54167	0.21
305.55208	0.20
305.56250	0.18
305.57292	0.16
305.58333	0.15
305.59375	0.13
305.60417	0.12
305.61458	0.10
305.62500	0.09
305.63542	0.08
305.64583	0.06
305.65625	0.06
305.66667	0.05
305.67708	0.04
305.68750	0.02
305.69792	0.01
305.70833	0.01
305.71875	-0.01
305.72917	-0.02
305.73958	-0.02
305.75000	-0.03
305.76042	-0.04
305.77083	-0.05
305.78125	-0.06
305.79167	-0.06
305.80208	-0.07
305.81250	-0.07
305.82292	-0.08
305.83333	-0.09
305.84375	-0.09
305.85417	-0.10
305.86458	-0.10
305.87500	-0.10
305.88542	-0.11
305.89583	-0.11
305.90625	-0.11
305.91667	-0.11
305.92708	-0.11
305.93750	-0.11
305.94792	-0.10
305.95833	-0.10
305.96875	-0.09
305.97917	-0.09
305.98958	-0.08
306.00000	-0.08
306.01042	-0.08
306.02083	-0.08
306.03125	-0.08
306.04167	-0.08
306.05208	-0.08
306.06250	-0.09
306.07292	-0.09
306.08333	-0.10
306.09375	-0.10
306.10417	-0.10
306.11458	-0.11
306.12500	-0.11
306.13542	-0.12
306.14583	-0.12
306.15625	-0.12
306.16667	-0.13
306.17708	-0.13
306.18750	-0.14
306.19792	-0.14
306.20833	-0.15
306.21875	-0.15
306.22917	-0.15
306.23958	-0.16
306.25000	-0.16
306.26042	-0.16
306.27083	-0.17
306.28125	-0.17
306.29167	-0.17
306.30208	-0.17
306.31250	-0.17
306.32292	-0.17
306.33333	-0.17
306.34375	-0.16
306.35417	-0.15
306.36458	-0.14
306.37500	-0.11
306.38542	-0.08
306.39583	-0.05
306.40625	-0.01
306.41667	0.03
306.42708	0.08
306.43750	0.12
306.44792	0.17
306.45833	0.20
306.46875	0.25
306.47917	0.28
306.48958	0.31
306.50000	0.34
306.51042	0.35
306.52083	0.36
306.53125	0.36
306.54167	0.34
306.55208	0.31
306.56250	0.30
306.57292	0.28
306.58333	0.26
306.59375	0.24
306.60417	0.22
306.61458	0.19
306.62500	0.17
306.63542	0.16
306.64583	0.14
306.65625	0.12
306.66667	0.11
306.67708	0.09
306.68750	0.08
306.69792	0.06
306.70833	0.05
306.71875	0.04
306.72917	0.03
306.73958	0.02
306.75000	0.01
306.76042	-0.01
306.77083	-0.02
306.78125	-0.02
306.79167	-0.03
306.80208	-0.04
306.81250	-0.05
306.82292	-0.05
306.83333	-0.06
306.84375	-0.07
306.85417	-0.07
306.86458	-0.08
306.87500	-0.08
306.88542	-0.09
306.89583	-0.09
306.90625	-0.09
306.91667	-0.10
306.92708	-0.10
306.93750	-0.10
306.94792	-0.09
306.95833	-0.09
306.96875	-0.08
306.97917	-0.08
306.98958	-0.07
307.00000	-0.06
307.01042	-0.05
307.02083	-0.04
307.03125	-0.03
307.04167	-0.03
307.05208	-0.03
307.06250	-0.02
307.07292	-0.03
307.08333	-0.03
307.09375	-0.03
307.10417	-0.04
307.11458	-0.04
307.12500	-0.04
307.13542	-0.05
307.14583	-0.05
307.15625	-0.06
307.16667	-0.06
307.17708	-0.07
307.18750	-0.08
307.19792	-0.08
307.20833	-0.08
307.21875	-0.09
307.22917	-0.09
307.23958	-0.10
307.25000	-0.10
307.26042	-0.11
307.27083	-0.11
307.28125	-0.11
307.29167	-0.12
307.30208	-0.12
307.31250	-0.11
307.32292	-0.11
307.33333	-0.11
307.34375	-0.10
307.35417	-0.09
307.36458	-0.08
307.37500	-0.05
307.38542	-0.03
307.39583	0.01
307.40625	0.04
307.41667	0.08
307.42708	0.13
307.43750	0.17
307.44792	0.21
307.45833	0.26
307.46875	0.30
307.47917	0.34
307.48958	0.38
307.50000	0.41
307.51042	0.44
307.52083	0.46
307.53125	0.46
307.54167	0.48
307.55208	0.47
307.56250	0.46
307.57292	0.44
307.58333	0.41
307.59375	0.39
307.60417	0.37
307.61458	0.35
307.62500	0.33
307.63542	0.31
307.64583	0.29
307.65625	0.26
307.66667	0.25
307.67708	0.22
307.68750	0.19
307.69792	0.18
307.70833	0.17
307.71875	0.14
307.72917	0.13
307.73958	0.12
307.75000	0.10
307.76042	0.08
307.77083	0.07
307.78125	0.06
307.79167	0.05
307.80208	0.04
307.81250	0.03
307.82292	0.02
307.83333	0.01
307.84375	0.00
307.85417	-0.01
307.86458	-0.02
307.87500	-0.03
307.88542	-0.03
307.89583	-0.04
307.90625	-0.04
307.91667	-0.05
307.92708	-0.05
307.93750	-0.06
307.94792	-0.05
307.95833	-0.05
307.96875	-0.05
307.97917	-0.04
307.98958	-0.03
308.00000	-0.02
308.01042	-0.01
308.02083	0.00
308.03125	0.00
308.04167	0.01
308.05208	0.02
308.06250	0.02
308.07292	0.02
308.08333	0.02
308.09375	0.03
308.10417	0.03
308.11458	0.02
308.12500	0.02
308.13542	0.02
308.14583	0.01
308.15625	0.00
308.16667	0.00
308.17708	-0.01
308.18750	-0.01
308.19792	-0.02
308.20833	-0.03
308.21875	-0.03
308.22917	-0.04
308.23958	-0.05
308.25000	-0.05
308.26042	-0.06
308.27083	-0.06
308.28125	-0.07
308.29167	-0.07
308.30208	-0.07
308.31250	-0.07
308.32292	-0.08
308.33333	-0.08
308.34375	-0.07
308.35417	-0.07
308.36458	-0.06
308.37500	-0.05
308.38542	-0.04
308.39583	-0.02
308.40625	0.00
308.41667	0.03
308.42708	0.06
308.43750	0.10
308.44792	0.12
308.45833	0.16
308.46875	0.20
308.47917	0.23
308.48958	0.28
308.50000	0.31
308.51042	0.34
308.52083	0.37
308.53125	0.40
308.54167	0.41
308.55208	0.42
308.56250	0.44
308.57292	0.43
308.58333	0.42
308.59375	0.40
308.60417	0.38
308.61458	0.37
308.62500	0.35
308.63542	0.33
308.64583	0.31
308.65625	0.29
308.66667	0.27
308.67708	0.25
308.68750	0.24
308.69792	0.22
308.70833	0.20
308.71875	0.18
308.72917	0.17
308.73958	0.15
308.75000	0.13
308.76042	0.11
308.77083	0.10
308.78125	0.09
308.79167	0.07
308.80208	0.06
308.81250	0.05
308.82292	0.04
308.83333	0.03
308.84375	0.02
308.85417	0.01
308.86458	-0.01
308.87500	-0.01
308.88542	-0.02
308.89583	-0.03
308.90625	-0.03
308.91667	-0.04
308.92708	-0.04
308.93750	-0.04
308.94792	-0.04
308.95833	-0.04
308.96875	-0.03
308.97917	-0.02
308.98958	-0.01
309.00000	0.00
309.01042	0.02
309.02083	0.03
309.03125	0.05
309.04167	0.07
309.05208	0.09
309.06250	0.11
309.07292	0.12
309.08333	0.14
309.09375	0.15
309.10417	0.16
309.11458	0.17
309.12500	0.17
309.13542	0.17
309.14583	0.17
309.15625	0.16
309.16667	0.15
309.17708	0.14
309.18750	0.13
309.19792	0.12
309.20833	0.11
309.21875	0.10
309.22917	0.09
309.23958	0.08
309.25000	0.07
309.26042	0.06
309.27083	0.05
309.28125	0.04
309.29167	0.03
309.30208	0.03
309.31250	0.02
309.32292	0.01
309.33333	0.01
309.34375	0.00
309.35417	-0.01
309.36458	-0.01
309.37500	0.00
309.38542	0.01
309.39583	0.01
309.40625	0.02
309.41667	0.03
309.42708	0.05
309.43750	0.06
309.44792	0.08
309.45833	0.10
309.46875	0.12
309.47917	0.15
309.48958	0.17
309.50000	0.20
309.51042	0.23
309.52083	0.26
309.53125	0.29
309.54167	0.32
309.55208	0.34
309.56250	0.36
309.57292	0.38
309.58333	0.38
309.59375	0.38
309.60417	0.37
309.61458	0.37
309.62500	0.36
309.63542	0.33
309.64583	0.32
309.65625	0.31
309.66667	0.29
309.67708	0.27
309.68750	0.25
309.69792	0.24
309.70833	0.22
309.71875	0.20
309.72917	0.18
309.73958	0.17
309.75000	0.15
309.76042	0.13
309.77083	0.12
309.78125	0.10
309.79167	0.09
309.80208	0.08
309.81250	0.06
309.82292	0.05
309.83333	0.04
309.84375	0.03
309.85417	0.02
309.86458	0.01
309.87500	0.00
309.88542	-0.01
309.89583	-0.02
309.90625	-0.03
309.91667	-0.03
309.92708	-0.04
309.93750	-0.05
309.94792	-0.05
309.95833	-0.06
309.96875	-0.06
309.97917	-0.07
309.98958	-0.07
310.00000	-0.08
310.01042	-0.08
310.02083	-0.08
310.03125	-0.08
310.04167	-0.07
310.05208	-0.07
310.06250	-0.06
310.07292	-0.05
310.08333	-0.04
310.09375	-0.03
310.10417	-0.02
310.11458	0.00
310.12500	0.01
310.13542	0.02
310.14583	0.03
310.15625	0.04
310.16667	0.04
310.17708	0.05
310.18750	0.05
310.19792	0.05
310.20833	0.05
310.21875	0.05
310.22917	0.05
310.23958	0.05
310.25000	0.04
310.26042	0.03
310.27083	0.03
310.28125	0.02
310.29167	0.02
310.30208	0.01
310.31250	0.01
310.32292	0.00
310.33333	-0.01
310.34375	-0.01
310.35417	-0.02
310.36458	-0.02
310.37500	-0.03
310.38542	-0.03
310.39583	-0.02
310.40625	-0.02
310.41667	-0.01
310.42708	-0.01
310.43750	0.00
310.44792	0.02
310.45833	0.03
310.46875	0.04
310.47917	0.06
310.48958	0.08
310.50000	0.11
310.51042	0.13
310.52083	0.16
310.53125	0.19
310.54167	0.21
310.55208	0.24
310.56250	0.27
310.57292	0.30
310.58333	0.32
310.59375	0.34
310.60417	0.36
310.61458	0.37
310.62500	0.38
310.63542	0.38
310.64583	0.37
310.65625	0.36
310.66667	0.35
310.67708	0.34
310.68750	0.32
310.69792	0.31
310.70833	0.29
310.71875	0.27
310.72917	0.25
310.73958	0.24
310.75000	0.22
310.76042	0.20
310.77083	0.19
310.78125	0.17
310.79167	0.15
310.80208	0.13
310.81250	0.12
310.82292	0.10
310.83333	0.09
310.84375	0.08
310.85417	0.06
310.86458	0.05
310.87500	0.04
310.88542	0.03
310.89583	0.02
310.90625	0.01
310.91667	0.00
310.92708	-0.01
310.93750	-0.02
310.94792	-0.03
310.95833	-0.04
310.96875	-0.04
310.97917	-0.05
310.98958	-0.06
311.00000	-0.06
311.01042	-0.07
311.02083	-0.07
311.03125	-0.08
311.04167	-0.08
311.05208	-0.08
311.06250	-0.08
311.07292	-0.08
311.08333	-0.08
311.09375	-0.08
311.10417	-0.07
311.11458	-0.07
311.12500	-0.06
311.13542	-0.05
311.14583	-0.04
311.15625	-0.03
311.16667	-0.02
311.17708	-0.01
311.18750	0.00
311.19792	0.01
311.20833	0.01
311.21875	0.02
311.22917	0.02
311.23958	0.02
311.25000	0.02
311.26042	0.01
311.27083	0.01
311.28125	0.00
311.29167	0.00
311.30208	-0.01
311.31250	-0.02
311.32292	-0.02
311.33333	-0.03
311.34375	-0.03
311.35417	-0.04
311.36458	-0.04
311.37500	-0.05
311.38542	-0.05
311.39583	-0.06
311.40625	-0.06
311.41667	-0.07
311.42708	-0.07
311.43750	-0.08
311.44792	-0.08
311.45833	-0.08
311.46875	-0.08
311.47917	-0.08
311.48958	-0.08
311.50000	-0.07
311.51042	-0.07
311.52083	-0.06
311.53125	-0.05
311.54167	-0.03
311.55208	-0.02
311.56250	0.00
311.57292	0.02
311.58333	0.05
311.59375	0.07
311.60417	0.10
311.61458	0.13
311.62500	0.16
311.63542	0.18
311.64583	0.21
311.65625	0.23
311.66667	0.25
311.67708	0.26
311.68750	0.28
311.69792	0.28
311.70833	0.28
311.71875	0.28
311.72917	0.26
311.73958	0.24
311.75000	0.23
311.76042	0.21
311.77083	0.19
311.78125	0.18
311.79167	0.16
311.80208	0.15
311.81250	0.13
311.82292	0.11
311.83333	0.10
311.84375	0.09
311.85417	0.07
311.86458	0.06
311.87500	0.05
311.88542	0.04
311.89583	0.03
311.90625	0.02
311.91667	0.01
311.92708	0.00
311.93750	-0.01
311.94792	-0.02
311.95833	-0.03
311.96875	-0.04
311.97917	-0.04
311.98958	-0.05
312.00000	-0.06
312.01042	-0.07
312.02083	-0.07
312.03125	-0.08
312.04167	-0.08
312.05208	-0.09
312.06250	-0.09
312.07292	-0.10
312.08333	-0.10
312.09375	-0.10
312.10417	-0.10
312.11458	-0.10
312.12500	-0.10
312.13542	-0.10
312.14583	-0.09
312.15625	-0.08
312.16667	-0.07
312.17708	-0.06
312.18750	-0.05
312.19792	-0.03
312.20833	-0.02
312.21875	-0.01
312.22917	0.00
312.23958	0.01
312.25000	0.02
312.26042	0.02
312.27083	0.02
312.28125	0.02
312.29167	0.02
312.30208	0.01
312.31250	0.01
312.32292	0.00
312.33333	-0.01
312.34375	-0.01
312.35417	-0.02
312.36458	-0.03
312.37500	-0.03
312.38542	-0.04
312.39583	-0.05
312.40625	-0.05
312.41667	-0.06
312.42708	-0.06
312.43750	-0.07
312.44792	-0.07
312.45833	-0.08
312.46875	-0.08
312.47917	-0.09
312.48958	-0.09
312.50000	-0.10
312.51042	-0.10
312.52083	-0.10
312.53125	-0.10
312.54167	-0.10
312.55208	-0.10
312.56250	-0.10
312.57292	-0.09
312.58333	-0.09
312.59375	-0.08
312.60417	-0.06
312.61458	-0.05
312.62500	-0.03
312.63542	-0.01
312.64583	0.01
312.65625	0.04
312.66667	0.06
312.67708	0.09
312.68750	0.11
312.69792	0.14
312.70833	0.16
312.71875	0.17
312.72917	0.19
312.73958	0.19
312.75000	0.19
312.76042	0.19
312.77083	0.18
312.78125	0.16
312.79167	0.15
312.80208	0.14
312.81250	0.12
312.82292	0.11
312.83333	0.10
312.84375	0.08
312.85417	0.07
312.86458	0.06
312.87500	0.04
312.88542	0.03
312.89583	0.02
312.90625	0.01
312.91667	0.00
312.92708	-0.01
312.93750	-0.02
312.94792	-0.03
312.95833	-0.03
312.96875	-0.04
312.97917	-0.05
312.98958	-0.06
313.00000	-0.06
313.01042	-0.07
313.02083	-0.08
313.03125	-0.08
313.04167	-0.09
313.05208	-0.09
313.06250	-0.10
313.07292	-0.10
313.08333	-0.11
313.09375	-0.11
313.10417	-0.12
313.11458	-0.12
313.12500	-0.12
313.13542	-0.12
313.14583	-0.12
313.15625	-0.12
313.16667	-0.11
313.17708	-0.11
313.18750	-0.10
313.19792	-0.09
313.20833	-0.07
313.21875	-0.05
313.22917	-0.04
313.23958	-0.02
313.25000	-0.01
313.26042	0.01
313.27083	0.02
313.28125	0.03
313.29167	0.04
313.30208	0.03
313.31250	0.03
313.32292	0.03
313.33333	0.02
313.34375	0.02
313.35417	0.01
313.36458	0.00
313.37500	-0.01
313.38542	-0.01
313.39583	-0.02
313.40625	-0.03
313.41667	-0.04
313.42708	-0.04
313.43750	-0.04
313.44792	-0.05
313.45833	-0.06
313.46875	-0.06
313.47917	-0.07
313.48958	-0.07
313.50000	-0.08
313.51042	-0.09
313.52083	-0.09
313.53125	-0.10
313.54167	-0.10
313.55208	-0.10
313.56250	-0.11
313.57292	-0.11
313.58333	-0.11
313.59375	-0.11
313.60417	-0.11
313.61458	-0.11
313.62500	-0.10
313.63542	-0.09
313.64583	-0.08
313.65625	-0.07
313.66667	-0.05
313.67708	-0.02
313.68750	0.00
313.69792	0.03
313.70833	0.06
313.71875	0.09
313.72917	0.11
313.73958	0.14
313.75000	0.16
313.76042	0.18
313.77083	0.18
313.78125	0.19
313.79167	0.19
313.80208	0.18
313.81250	0.17
313.82292	0.15
313.83333	0.14
313.84375	0.12
313.85417	0.11
313.86458	0.10
313.87500	0.08
313.88542	0.07
313.89583	0.06
313.90625	0.04
313.91667	0.03
313.92708	0.02
313.93750	0.01
313.94792	0.00
313.95833	-0.01
313.96875	-0.02
313.97917	-0.03
313.98958	-0.03
314.00000	-0.04
314.01042	-0.05
314.02083	-0.06
314.03125	-0.06
314.04167	-0.07
314.05208	-0.08
314.06250	-0.08
314.07292	-0.09
314.08333	-0.09
314.09375	-0.10
314.10417	-0.10
314.11458	-0.11
314.12500	-0.11
314.13542	-0.12
314.14583	-0.12
314.15625	-0.12
314.16667	-0.12
314.17708	-0.12
314.18750	-0.12
314.19792	-0.11
314.20833	-0.10
314.21875	-0.08
314.22917	-0.06
314.23958	-0.04
314.25000	-0.02
314.26042	0.01
314.27083	0.03
314.28125	0.05
314.29167	0.07
314.30208	0.08
314.31250	0.09
314.32292	0.09
314.33333	0.09
314.34375	0.08
314.35417	0.07
314.36458	0.06
314.37500	0.05
314.38542	0.04
314.39583	0.03
314.40625	0.03
314.41667	0.02
314.42708	0.01
314.43750	0.00
314.44792	-0.01
314.45833	-0.02
314.46875	-0.03
314.47917	-0.03
314.48958	-0.04
314.50000	-0.05
314.51042	-0.05
314.52083	-0.06
314.53125	-0.07
314.54167	-0.07
314.55208	-0.08
314.56250	-0.09
314.57292	-0.09
314.58333	-0.10
314.59375	-0.10
314.60417	-0.11
314.61458	-0.11
314.62500	-0.11
314.63542	-0.12
314.64583	-0.12
314.65625	-0.12
314.66667	-0.11
314.67708	-0.11
314.68750	-0.10
314.69792	-0.09
314.70833	-0.07
314.71875	-0.05
314.72917	-0.02
314.73958	0.01
314.75000	0.03
314.76042	0.06
314.77083	0.08
314.78125	0.11
314.79167	0.13
314.80208	0.14
314.81250	0.15
314.82292	0.15
314.83333	0.14
314.84375	0.13
314.85417	0.12
314.86458	0.10
314.87500	0.09
314.88542	0.08
314.89583	0.07
314.90625	0.05
314.91667	0.04
314.92708	0.03
314.93750	0.02
314.94792	0.01
314.95833	0.00
314.96875	-0.01
314.97917	-0.02
314.98958	-0.03
315.00000	-0.03
315.01042	-0.04
315.02083	-0.05
315.03125	-0.06
315.04167	-0.06
315.05208	-0.07
315.06250	-0.08
315.07292	-0.08
315.08333	-0.09
315.09375	-0.10
315.10417	-0.10
315.11458	-0.11
315.12500	-0.11
315.13542	-0.12
315.14583	-0.12
315.15625	-0.12
315.16667	-0.13
315.17708	-0.13
315.18750	-0.13
315.19792	-0.12
315.20833	-0.12
315.21875	-0.11
315.22917	-0.09
315.23958	-0.07
315.25000	-0.04
315.26042	-0.01
315.27083	0.02
315.28125	0.05
315.29167	0.08
315.30208	0.11
315.31250	0.13
315.32292	0.15
315.33333	0.16
315.34375	0.17
315.35417	0.17
315.36458	0.16
315.37500	0.15
315.38542	0.13
315.39583	0.12
315.40625	0.11
315.41667	0.10
315.42708	0.08
315.43750	0.07
315.44792	0.06
315.45833	0.05
315.46875	0.03
315.47917	0.03
315.48958	0.02
315.50000	0.01
315.51042	0.00
315.52083	-0.01
315.53125	-0.02
315.54167	-0.03
315.55208	-0.04
315.56250	-0.04
315.57292	-0.05
315.58333	-0.06
315.59375	-0.06
315.60417	-0.07
315.61458	-0.08
315.62500	-0.08
315.63542	-0.09
315.64583	-0.09
315.65625	-0.10
315.66667	-0.10
315.67708	-0.11
315.68750	-0.11
315.69792	-0.11
315.70833	-0.10
315.71875	-0.09
315.72917	-0.09
315.73958	-0.07
315.75000	-0.05
315.76042	-0.03
315.77083	-0.01
315.78125	0.02
315.79167	0.05
315.80208	0.07
315.81250	0.09
315.82292	0.11
315.83333	0.12
315.84375	0.13
315.85417	0.12
315.86458	0.12
315.87500	0.11
315.88542	0.10
315.89583	0.08
315.90625	0.07
315.91667	0.06
315.92708	0.05
315.93750	0.04
315.94792	0.03
315.95833	0.02
315.96875	0.01
315.97917	0.00
315.98958	-0.01
