-10.000000    -0.504159    2.000000     0.000000     0.000000
-10.000000    -1.016677    2.000000     0.000000     0.000000
-10.000000    -2.646130    2.000000     0.000000     0.000000
-10.000000    -1.405163    2.000000     0.000000     0.000000
-10.000000    -0.967180    2.000000     0.000000     0.000000
-10.000000    -0.548387    2.000000     0.000000     0.000000
-10.000000    -0.956100    2.000000     0.000000     0.000000
  0.000000     2.222540    0.000000     0.000000
  0.000000     2.000000    0.000000     0.000000
  0.000000     2.000000    0.000000     0.000000
  0.000000     2.000000    0.000000     0.000000
  0.000000     2.000000    0.000000     0.000000
  0.000000     2.000000    0.000000     0.000000
  0.000000     2.000000    0.000000     0.000000
  1.000000     2.400363    3.594749    -2.734939
  1.000000     2.000009    0.002391     0.001886
  1.000000     1.998720    0.048851     0.027975
  1.000000     1.999741   -0.005566    -0.000832
  1.000000     2.000176   -0.002324     0.004019
  1.000000     1.984748   -0.080383    -0.017233
  1.000000     2.000038    0.001027    -0.000507
